0.0331055
0.0530198
0.0669015
0.0785967
0.0897404
0.0954397
0.101944
0.103579
0.107468
0.116041
0.12011
0.121631
0.123875
0.137116
0.136848
0.140208
0.143233
0.142666
0.143371
0.146659
0.146071
0.142694
0.142955
0.147272
0.145375
0.144812
0.148333
0.151195
0.15213
0.15057
0.156202
0.156259
0.155643
0.158028
0.160573
0.160067
0.160245
0.160024
0.163977
0.162616
0.165463
0.166741
0.161538
0.163636
0.162628
0.162513
0.168906
0.16826
0.17384
0.169418
0.172549
0.175007
0.176361
0.172283
0.175324
0.176668
0.174818
0.176222
0.179469
0.184685
0.181926
0.181818
0.184308
0.186043
0.184268
0.179874
0.18034
0.177822
0.177197
0.174968
0.176393
0.180664
0.187935
0.193741
0.195483
0.197808
0.195209
0.191269
0.190208
0.186076
0.186758
0.184921
0.188093
0.188232
0.19143
0.188785
0.186679
0.185959
0.187722
0.189201
0.194036
0.196677
0.195261
0.193408
0.196142
0.197669
0.196612
0.194331
0.19342
0.190311
0.184987
0.186432
0.183662
0.185366
0.188648
0.192496
0.189868
0.18876
0.187969
0.186391
0.190868
0.192869
0.194727
0.19056
0.191995
0.190633
0.192704
0.194125
0.192858
0.196184
0.192107
0.189358
0.195373
0.199832
0.201939
0.20289
0.200312
0.200548
0.200959
0.201318
0.199134
0.198133
0.194514
0.197545
0.198617
0.198008
0.192861
0.192263
0.19332
0.1915
0.190662
0.190105
0.192463
0.194073
0.190728
0.187982
0.186133
0.187017
0.189365
0.192739
0.19675
0.195476
0.196582
0.197232
0.20105
0.197362
0.194108
0.199102
0.195948
0.198214
0.196811
0.195082
0.194912
0.1922
0.190296
0.188874
0.192226
0.194368
0.1955
0.196642
0.193704
0.199993
0.197141
0.198915
0.199327
0.196482
0.191726
0.193368
0.200229
0.201883
0.196654
0.19954
0.202371
0.200183
0.199284
0.201346
0.200998
0.199777
0.199395
0.201449
0.202838
0.204742
0.202371
0.201249
0.198109
0.198831
0.192916
0.192116
0.194708
0.193617
0.196544
0.197539
0.197191
0.194964
0.19593
0.195555
0.195116
0.192787
0.192848
0.192112
0.193535
0.191986
0.189193
0.192348
0.19046
0.189277
0.194065
0.196971
0.195816
0.199455
0.20309
0.204551
0.205646
0.205434
0.201521
0.203265
0.199072
0.19778
0.197393
0.198713
0.201865
0.204358
0.201161
0.199239
0.199979
0.201719
0.199285
0.199163
0.194589
0.195664
0.196057
0.197414
0.199455
0.19587
0.194749
0.194428
0.19352
0.192852
0.193421
0.194408
0.195695
0.193544
0.194269
0.197208
0.198006
0.198917
0.195185
0.197101
0.19634
0.196847
0.198089
0.202156
0.201575
0.201882
0.199892
0.203316
0.198902
0.19808
0.20091
0.199721
0.1995
0.19975
0.202347
0.199351
0.199356
0.201635
0.20212
0.205007
0.2039
0.199992
0.194553
0.196942
0.199203
0.203863
0.204164
0.202743
0.200745
0.20055
0.204243
0.202879
0.207551
0.2036
0.204269
0.20361
0.201608
0.196674
0.192696
0.19554
0.196224
0.191854
0.192298
0.190148
0.191206
0.188861
0.189156
0.19184
0.189635
0.189044
0.189401
0.189486
0.192477
0.194882
0.196355
0.19834
0.199432
0.193166
0.195302
0.193296
0.191072
0.196688
0.195022
0.198749
0.198829
0.19561
0.197822
0.195761
0.197733
0.198345
0.200314
0.205172
0.203139
0.20652
0.209215
0.205599
0.202771
0.204071
0.201901
0.205457
0.209923
0.214727
0.2086
0.208814
0.20587
0.207146
0.203472
0.207029
0.208794
0.207568
0.209446
0.21211
0.211163
0.206768
0.205388
0.206565
0.207692
0.20895
0.203631
0.200336
0.202288
0.204037
0.202086
0.204462
0.19729
0.199282
0.198431
0.201498
0.198805
0.200303
0.2059
0.206734
0.205388
0.211942
0.211716
0.207019
0.207388
0.207975
0.208711
0.203255
0.204238
0.199236
0.197012
0.199968
0.198548
0.199627
0.202753
0.201758
0.200666
0.20136
0.199253
0.20305
0.199165
0.198873
0.200143
0.198822
0.202047
0.199827
0.201174
0.198833
0.202495
0.200053
0.196585
0.194296
0.190372
0.193962
0.192
0.195445
0.19458
0.200517
0.2002
0.199544
0.200205
0.197755
0.196951
0.200403
0.205309
0.205347
0.204641
0.20376
0.20284
0.204374
0.206649
0.201123
0.203611
0.206461
0.206588
0.204369
0.205864
0.205977
0.205431
0.207348
0.202807
0.207068
0.20467
0.210117
0.210874
0.208581
0.20951
0.211869
0.212445
0.212689
0.211965
0.211143
0.213253
0.214309
0.218144
0.218779
0.220634
0.222171
0.219426
0.213552
0.212634
0.21602
0.218482
0.220026
0.217866
0.219104
0.2211
0.217633
0.221447
0.220207
0.219416
0.220877
0.222532
0.223714
0.223173
0.216029
0.218631
0.212898
0.213787
0.214153
0.215527
0.215368
0.218047
0.21908
0.213969
0.214077
0.210468
0.209747
0.206097
0.205782
0.210179
0.206609
0.207624
0.211819
0.216513
0.218662
0.217049
0.213888
0.213799
0.208962
0.210264
0.215445
0.217185
0.210439
0.211361
0.210144
0.208874
0.208435
0.211747
0.211059
0.211881
0.21567
0.216224
0.216068
0.216661
0.20977
0.20671
0.208262
0.210494
0.208001
0.209182
0.208767
0.208565
0.207145
0.205886
0.206508
0.205877
0.201116
0.203222
0.201204
0.203309
0.202573
0.200214
0.200274
0.20309
0.201689
0.205852
0.211608
0.210275
0.215986
0.218839
0.220054
0.218498
0.214697
0.213779
0.212511
0.217589
0.215829
0.210983
0.213172
0.214239
0.216446
0.21743
0.221052
0.219021
0.218886
0.21778
0.22188
0.221425
0.227248
0.224753
0.223228
0.216042
0.218116
0.211718
0.210732
0.208978
0.21069
0.213134
0.212592
0.221056
0.219642
0.216593
0.217646
0.215802
0.213654
0.222159
0.219013
0.218495
0.216732
0.219143
0.213501
0.211598
0.2104
0.209911
0.216269
0.215074
0.214422
0.216121
0.214119
0.210927
0.209097
0.210392
0.211674
0.211626
0.210679
0.211627
0.208955
0.210073
0.212758
0.212917
0.214996
0.213708
0.210641
0.213984
0.211987
0.214378
0.214517
0.210932
0.214517
0.211113
0.212994
0.2145
0.214378
0.208318
0.208522
0.205174
0.212338
0.20764
0.205898
0.203826
0.203646
0.209733
0.207084
0.210097
0.212836
0.210042
0.211638
0.214195
0.213705
0.2146
0.217618
0.217434
0.216327
0.215894
0.214836
0.21519
0.219119
0.217704
0.219462
0.220447
0.224037
0.222956
0.221936
0.222572
0.226764
0.221271
0.222279
0.220709
0.217692
0.221915
0.223212
0.224046
0.224898
0.219552
0.220985
0.21443
0.216213
0.21195
0.213446
0.21303
0.212051
0.21276
0.214152
0.215679
0.217381
0.214342
0.208832
0.211492
0.212705
0.215059
0.212973
0.215176
0.212572
0.209125
0.209298
0.208398
0.208041
0.20877
0.209496
0.209026
0.211755
0.208868
0.209394
0.209808
0.210428
0.213109
0.208326
0.212453
0.20912
0.209187
0.21082
0.212714
0.212392
0.216593
0.218498
0.219374
0.217069
0.2198
0.224804
0.224094
0.226194
0.224056
0.22265
0.219086
0.222775
0.21991
0.221363
0.223074
0.222217
0.220607
0.217953
0.221666
0.221358
0.223245
0.222009
0.217572
0.219626
0.214587
0.212656
0.215292
0.211536
0.210945
0.208269
0.210564
0.209038
0.210184
0.212282
0.213919
0.212888
0.212191
0.208923
0.212294
0.211552
0.210367
0.212727
0.210311
0.212281
0.21752
0.218725
0.220829
0.219682
0.218341
0.219544
0.217373
0.219652
0.216414
0.213365
0.21538
0.212496
0.21395
0.213793
0.213583
0.211792
0.208733
0.209323
0.206752
0.204335
0.203609
0.202683
0.206855
0.21122
0.209306
0.211893
0.21032
0.206068
0.208724
0.209906
0.205458
0.209667
0.210622
0.211054
0.210434
0.212486
0.213894
0.2124
0.21267
0.210486
0.211334
0.209952
0.206701
0.205312
0.207184
0.207362
0.209326
0.21037
0.212052
0.209049
0.210546
0.212755
0.21301
0.2131
0.214067
0.213147
0.212668
0.211218
0.207351
0.20906
0.208146
0.210971
0.213404
0.210682
0.205583
0.204317
0.206662
0.208467
0.21038
0.209691
0.203145
0.20822
0.207545
0.208581
0.210547
0.210387
0.208144
0.207041
0.213939
0.212303
0.213744
0.214956
0.215368
0.214141
0.21514
0.219608
0.219287
0.215603
0.219702
0.217922
0.214043
0.214619
0.2161
0.210188
0.209383
0.208421
0.21146
0.212526
0.218774
0.221317
0.224221
0.221382
0.217652
0.217699
0.211817
0.210595
0.211913
0.210091
0.207776
0.20526
0.205445
0.207204
0.20877
0.209227
0.213209
0.217773
0.215385
0.208048
0.208177
0.204906
0.207365
0.20865
0.206643
0.205169
0.211331
0.206249
0.203004
0.201413
0.19812
0.198666
0.19959
0.202672
0.202302
0.197266
0.196099
0.203136
0.205736
0.204963
0.207105
0.211714
0.21358
0.210718
0.20809
0.212235
0.210995
0.214692
0.21528
0.210894
0.212923
0.212372
0.208642
0.206129
0.205328
0.201795
0.202778
0.206731
0.205163
0.206352
0.206592
0.207938
0.209726
0.212126
0.217974
0.218484
0.219273
0.224814
0.222928
0.22417
0.220647
0.219445
0.219816
0.220475
0.218348
0.21906
0.219939
0.218626
0.217266
0.212598
0.210016
0.219429
0.222898
0.220763
0.215777
0.219785
0.220146
0.213653
0.212722
0.209527
0.211256
0.210059
0.21428
0.217505
0.221598
0.222226
0.222104
0.218256
0.219052
0.223383
0.223859
0.224326
0.224491
0.222583
0.221829
0.226737
0.228793
0.227358
0.228966
0.229673
0.225351
0.224939
0.219223
0.216916
0.217417
0.219388
0.216009
0.215063
0.215484
0.216692
0.213009
0.213848
0.212812
0.217631
0.215686
0.214101
0.21472
0.218242
0.217231
0.218411
0.218722
0.217242
0.212907
0.215583
0.214631
0.217598
0.213785
0.213902
0.21564
0.212724
0.216611
0.214797
0.211458
0.207891
0.207649
0.20796
0.211253
0.217543
0.218489
0.212953
0.213058
0.221635
0.220298
0.221242
0.217935
0.220081
0.211931
0.211099
0.212897
0.215324
0.214491
0.211251
0.205941
0.208092
0.210074
0.210959
0.213013
0.211246
0.208404
0.20861
0.211828
0.205876
0.206528
0.202855


