0.0851988
0.0825537
0.0837306
0.0837166
0.0854664
0.0850652
0.0863804
0.0849478
0.0851332
0.0842379
0.0858176
0.0866708
0.0864847
0.0889403
0.0825508
0.0837008
0.0856698
0.0858339
0.0848646
0.0865642
0.0846676
0.0873295
0.0861796
0.0842175
0.0875325
0.0852481
0.0854539
0.0865494
0.0875666
0.0848882
0.0828304
0.0847698
0.085268
0.0848753
0.0852965
0.0846782
0.0865952
0.0831498
0.0867958
0.0835477
0.0838394
0.0829618
0.0853564
0.0859144
0.0838922
0.084801
0.0856437
0.0860571
0.0862658
0.0858526
0.0860512
0.0824558
0.0857314
0.0850771
0.0837414
0.0851938
0.0868384
0.0875047
0.0866708
0.0848926
0.0846552
0.0848683
0.0852744
0.0860355
0.0832257
0.0855893
0.0858221
0.085067
0.0848827
0.0859841
0.0848732
0.0852758
0.0851861
0.083729
0.0855391
0.0850361
0.0868255
0.0857978
0.0851109
0.0851116
0.0855295
0.0838613
0.0832411
0.0853931
0.085233
0.0862663
0.0839455
0.0847936
0.0881875
0.0848525
0.083935
0.0827855
0.0850339
0.084192
0.0847967
0.0848977
0.0847069
0.0867016
0.0834652
0.0855871
0.08525
0.0854753
0.0864305
0.0846388
0.0861988
0.0855377
0.0846355
0.0844878
0.0836813
0.0843429
0.0861677
0.0842501
0.0850459
0.0862334
0.0833543
0.0840382
0.0838059
0.0861998
0.0880197
0.0845622
0.0865274
0.0834812
0.0839185
0.0867372
0.0842721
0.0837685
0.0827336
0.084965
0.0836947
0.0864728
0.0857566
0.0835901
0.0846219
0.0857396
0.0825769
0.0858876
0.083965
0.0881041
0.0872375
0.0851188
0.0867861
0.0841603
0.0860503
0.0863033
0.0862827
0.0850876
0.0862284
0.0844299
0.0863275
0.0875185
0.0864265
0.0854461
0.0828828
0.0845101
0.085703
0.0841556
0.0868839
0.0855856
0.083016
0.0853954
0.0837725
0.0849731
0.0870509
0.0850775
0.0859739
0.0868748
0.0864597
0.0864069
0.0880161
0.0850192
0.0857575
0.085634
0.0866836
0.0858467
0.0848644
0.0866868
0.0876514
0.0836692
0.086952
0.0858251
0.0868137
0.0850281
0.0854437
0.0856081
0.0837773
0.0852163
0.087243
0.0852555
0.0864166
0.0850609
0.0854465
0.082996
0.0869221
0.0848213
0.0858386
0.0861439
0.0834374
0.086592
0.0847906
0.0862859
0.0843054
0.08417
0.0852707
0.0869151
0.0858963
0.0874162
0.0865858
0.0874604
0.084458
0.0864978
0.086307
0.084043
0.085532
0.0885369
0.085337
0.0838663
0.0853984
0.0871593
0.0845571
0.0870411
0.0844005
0.0855013
0.0860228
0.0863253
0.0839346
0.0854155
0.084984
0.0869437
0.0853552
0.0838982
0.0866424
0.086976
0.0875349
0.0888941
0.0840183
0.0854474
0.0851461
0.0859741
0.0858816
0.0847103
0.0869094
0.085338
0.0852132
0.0857344
0.0855014
0.0858188
0.0872422
0.0847537
0.0882087
0.0872869
0.0850742
0.0861555
0.0844222
0.0871293
0.0871258
0.0866907
0.0849626
0.0860957
0.0856437
0.0886466
0.0840549
0.0855693
0.0858116
0.0839932
0.0853238
0.0834786
0.0860203
0.0862701
0.0862304
0.0855596
0.0874958
0.086614
0.0874555
0.0852116
0.0852264
0.0854316
0.0856181
0.085673
0.0846684
0.0861215
0.0854445
0.0855834
0.0853349
0.0854289
0.0851683
0.0858687
0.0853865
0.0850988
0.0868392
0.0857524
0.0855442
0.0842621
0.0858006
0.0863126
0.0859348
0.0837877
0.0880224
0.0846337
0.0855093
0.0837249
0.0858349
0.0877116
0.084726
0.0851238
0.0869177
0.0873722
0.0853691
0.085443
0.0865398
0.0834601
0.0847298
0.0857592
0.0837615
0.0860057
0.0850671
0.0848753
0.0847875
0.0856905
0.0857998
0.0845586
0.0840585
0.0844855
0.0871831
0.0827664
0.0856813
0.0872261
0.0833963
0.0858532
0.0855814
0.0843186
0.0856611
0.0841697
0.0873214
0.0866845
0.0894217
0.0837153
0.0825062
0.0862143
0.0867326
0.0861546
0.0859659
0.0843828
0.086726
0.0873623
0.0859742
0.08654
0.0846125
0.0861704
0.087406
0.0856186
0.0842776
0.0859568
0.0864534
0.0866763
0.0857586
0.0859269
0.0871102
0.0852573
0.0854668
0.08523
0.0862425
0.0852182
0.0859325
0.0851927
0.0861277
0.0872414
0.086681
0.0850856
0.0870582
0.084246
0.0854583
0.0858209
0.0851215
0.0873524
0.0882699
0.0863994
0.0848538
0.0834343
0.0864513
0.0858588
0.0862928
0.084585
0.0840754
0.0846938
0.0834055
0.0846766
0.0883702
0.0861474
0.0858517
0.0864112
0.0840264
0.0846382
0.0842566
0.0847099
0.0829041
0.0857938
0.0839161
0.0847135
0.0851714
0.084997
0.0834314
0.0866371
0.0839148
0.0858869
0.0862108
0.0860854
0.0841126
0.0864618
0.0856569
0.0814401
0.0841293
0.0827345
0.0854075
0.0873578
0.0850547
0.0849771
0.085402
0.0839313
0.0875892
0.0854492
0.0844419
0.0846163
0.0871608
0.0863099
0.0856139
0.0840828
0.0845561
0.0870952
0.088788
0.0858819
0.0852542
0.0864356
0.0859949
0.0881751
0.0849049
0.0886115
0.0871158
0.0861526
0.0870141
0.0847892
0.0853509
0.0855991
0.0862409
0.0851471
0.0860349
0.0868852
0.0865166
0.0826563
0.0878778
0.086348
0.087212
0.0857661
0.0857916
0.0870287
0.0850443
0.0870376
0.0847142
0.0862334
0.08588
0.0852756
0.0853474
0.0874888
0.0854375
0.0850656
0.0852994
0.0836819
0.0868552
0.0853309
0.0850133
0.0846842
0.0876414
0.0864769
0.0862743
0.0866312
0.0853054
0.0856861
0.0834064
0.0862442
0.0859734
0.0840077
0.0872214
0.0849688
0.0842342
0.0856547
0.085112
0.0888386
0.0877605
0.0858509
0.0846597
0.0865086
0.0837953
0.0871868
0.084119
0.0860206
0.0837369
0.0867436
0.082155


