0.468592
0.455291
0.471722
0.459925
0.451114
0.445265
0.461981
0.454561
0.459369
0.468476
0.461406
0.464521
0.458029
0.455168
0.459999
0.473972
0.462467
0.456569
0.451872
0.452259
0.44833
0.454618
0.455877
0.469455
0.467733
0.438209
0.45982
0.454679
0.471011
0.464355
0.471222
0.454258
0.452645
0.476481
0.464303
0.466131
0.464438
0.452846
0.469281
0.458561
0.464871
0.460438
0.447497
0.449247
0.453651
0.467575
0.462242
0.455701
0.461495
0.459702
0.456633
0.450452
0.458331
0.465517
0.459588
0.443658
0.456281
0.457937
0.455098
0.460198
0.459205
0.44767
0.45518
0.457392
0.458861
0.459746
0.466341
0.465669
0.450644
0.459217
0.463025
0.465037
0.450087
0.453675
0.457358
0.461424
0.466203
0.461185
0.463678
0.459305
0.468239
0.457031
0.454944
0.46754
0.450512
0.472127
0.469166
0.465095
0.471623
0.465923
0.459984
0.466608
0.457259
0.448107
0.456191
0.473828
0.465529
0.459987
0.4591
0.469889
0.462411
0.459936
0.469735
0.457614
0.451267
0.46431
0.456047
0.457255
0.462826
0.467692
0.472134
0.452583
0.449719
0.456567
0.461677
0.46256
0.471584
0.469103
0.454407
0.462885
0.444207
0.448144
0.459861
0.455224
0.454029
0.456757
0.472256
0.447865
0.459905
0.465122
0.465823
0.456372
0.449268
0.462384
0.468603
0.46761
0.464889
0.47012
0.460557
0.467974
0.46432
0.45986
0.460431
0.468408
0.456176
0.458587
0.473614
0.453085
0.465412
0.478948
0.457282
0.458088
0.461301
0.461819
0.453208
0.454253
0.46318
0.469626
0.461874
0.477825
0.463924
0.458398
0.45826
0.461781
0.462903
0.452611
0.461094
0.467234
0.46844
0.463812
0.461107
0.453056
0.459045
0.457631
0.467015
0.473334
0.459638
0.454769
0.453977
0.459104
0.459173
0.461427
0.465714
0.452325
0.47319
0.455976
0.464007
0.467543
0.456556
0.458446
0.448139
0.464394
0.471456
0.454517
0.465258
0.459922
0.465956
0.464121
0.44878
0.456084
0.458512
0.457263
0.451505
0.445813
0.458658
0.455109
0.462137
0.456149
0.459328
0.467724
0.471611
0.454992
0.461425
0.472393
0.467619
0.462938
0.450266
0.442249
0.466461
0.469356
0.462495
0.460966
0.466441
0.459747
0.47665
0.465418
0.456633
0.464462
0.464054
0.472107
0.458442
0.461616
0.474482
0.449052
0.452641
0.45709
0.453695
0.460302
0.451591
0.47096
0.457055
0.461526
0.456907
0.465206
0.461219
0.463641
0.469264
0.450181
0.457487
0.456533
0.460285
0.466167
0.454696
0.454874
0.470402
0.463701
0.460009
0.454199
0.464336
0.467676
0.473426
0.458523
0.456326
0.467819
0.457732
0.456803
0.458797
0.467478
0.458684
0.465696
0.460174
0.459881
0.467486
0.46174
0.46504
0.456472
0.459451
0.464292
0.452053
0.450232
0.466953
0.463181
0.467964
0.4707
0.450256
0.467392
0.475688
0.46564
0.456766
0.445731
0.465406
0.452154
0.450498
0.450618
0.449684
0.458809
0.466194
0.466395
0.468183
0.461065
0.458794
0.454096
0.453571
0.461442
0.458973
0.463381
0.456701
0.457816
0.474543
0.457864
0.454347
0.462721
0.466759
0.470543
0.453142
0.456585
0.452498
0.469641
0.462548
0.450992
0.468694
0.470608
0.467439
0.458838
0.448045
0.458445
0.458706
0.472951
0.458504
0.454893
0.466998
0.46423
0.46852
0.460248
0.467422
0.457522
0.460759
0.453624
0.460308
0.472001
0.463365
0.456716
0.452249
0.463657
0.464868
0.460925
0.469202
0.4681
0.449942
0.459632
0.457356
0.462135
0.445596
0.45097
0.455365
0.462855
0.46337
0.451828
0.459996
0.463992
0.453084
0.456704
0.464998
0.454271
0.448058
0.470871
0.453665
0.456645
0.456621
0.453444
0.463993
0.463799
0.452134
0.466298
0.459114
0.456396
0.461506
0.457361
0.470786
0.458008
0.455661
0.461062
0.447433
0.464927
0.470304
0.463326
0.457332
0.459473
0.456941
0.462671
0.463351
0.454101
0.456206
0.458644
0.456001
0.459001
0.458979
0.458531
0.465822
0.451776
0.457264
0.448397
0.460994
0.459743
0.467925
0.456175
0.458112
0.473765
0.456887
0.4606
0.466395
0.451154
0.456248
0.466095
0.453274
0.461769
0.46149
0.456918
0.446629
0.462036
0.46624
0.45971
0.461397
0.456064
0.453744
0.461742
0.466261
0.457337
0.45268
0.460943
0.460597
0.453965
0.467052
0.465564
0.450981
0.46814
0.448745
0.46193
0.458218
0.463538
0.457196
0.458427
0.46661
0.464416
0.463004
0.467959
0.465469
0.451033
0.466149
0.464062
0.461024
0.457829
0.470418
0.456235
0.464557
0.456302
0.474891
0.46265
0.463009
0.465968
0.462637
0.455802
0.449862
0.454134
0.457229
0.463469
0.457142
0.450455
0.454428
0.457546
0.456936
0.459803
0.460227
0.458166
0.463817
0.463122
0.450372
0.462866
0.473219
0.449668
0.463127
0.464812
0.466169
0.463985
0.466615
0.45554
0.472694
0.468405
0.460071
0.458391
0.44706
0.470939
0.46392
0.456466
0.460935
0.461741
0.469056


