0.0260548
0.0343784
0.0389461
0.0413768
0.0428719
0.0446587
0.046232
0.0469913
0.0471705
0.0474474
0.0485625
0.04992
0.0497212
0.0495637
0.0494848
0.049827
0.0497326
0.0507224
0.0505165
0.0503434
0.0506075
0.0505472
0.049589
0.0499934
0.0503041
0.0500594
0.050713
0.0510107
0.0507657
0.0508474
0.0510786
0.0518597
0.0515789
0.0517842
0.0523525
0.0523495
0.0526765
0.0528567
0.0521903
0.05236
0.0525403
0.0526032
0.0525547
0.0524898
0.0523756
0.0532554
0.0532361
0.0524403
0.0523627
0.052625
0.0525413
0.0524545
0.0523993
0.0528959
0.0532265
0.0530584
0.0537107
0.0536862
0.0533962
0.0528625
0.0534105
0.0532696
0.0528068
0.0526766
0.0529673
0.0523049
0.0526841
0.0527496
0.0528681
0.05288
0.0524817
0.0529519
0.0530385
0.0531765
0.0528134
0.0533813
0.0533576
0.0527482
0.0530469
0.0529571
0.0534134
0.0531251
0.0529807
0.0531577
0.0531928
0.0524789
0.0530168
0.0537343
0.0536843
0.0539408
0.0544504
0.0545159
0.0543891
0.054817
0.0542418
0.0535373
0.0532784
0.0534909
0.0532129
0.053334
0.0537192
0.0535002
0.053861
0.0535573
0.0533312
0.053771
0.0540751
0.0541753
0.0538742
0.0539141
0.0543625
0.0548318
0.0541372
0.0540476
0.0538468
0.0539343
0.0543899
0.0535801
0.0537744
0.0541495
0.0538967
0.0541015
0.0538276
0.0533629
0.0537917
0.0541465
0.0545162
0.0543452
0.0544159
0.0542517
0.0539745
0.0543149
0.0543559
0.0548879
0.055341
0.0541653
0.0542809
0.054601
0.0548434
0.0543722
0.054938
0.054558
0.054634
0.0540476
0.0540222
0.0541145
0.054291
0.0542396
0.0541272
0.0542019
0.054204
0.0547858
0.0543357
0.0545896
0.0544456
0.0546177
0.0540756
0.0545833
0.0543977
0.0542772
0.0539177
0.0538492
0.0544991
0.0547292
0.0542581
0.0541401
0.0541896
0.0548307
0.0547251
0.0543138
0.0546878
0.055125
0.0546617
0.0544135
0.0544964
0.0544268
0.0542233
0.0539456
0.0532289
0.0540338
0.0542166
0.0547639
0.0548475
0.0549415
0.0547328
0.0538684
0.0544362
0.0544982
0.0543943
0.0549426
0.0548956
0.0549076
0.0547317
0.0539281
0.0543415
0.054627
0.0551739
0.0546255
0.0540555
0.0544691
0.0545094
0.0544881
0.0545078
0.0542485
0.0547273
0.0547719
0.0545724
0.0548168
0.0545256
0.0544812
0.0545726
0.0548997
0.054871
0.0544463
0.0542339
0.0543771
0.0545782
0.0550231
0.0548126
0.0553528
0.0551844
0.0554679
0.055234
0.055259
0.0549393
0.054643
0.054625
0.0546509
0.0546089
0.0547773
0.0542854
0.0549581
0.0549771
0.0552224
0.0548285
0.0550854
0.0547668
0.0549811
0.0547787
0.0544281
0.0545292
0.0552472
0.0552554
0.055241
0.0548905
0.0550948
0.0549554
0.0552076
0.0550936
0.055026
0.054889
0.0551507
0.0547819
0.0546857
0.0551529
0.055024
0.055026
0.0547831
0.0550699
0.0553094
0.0550405
0.0547214
0.0546911
0.054681
0.0550602
0.0555867
0.0551056
0.0549417
0.0550765
0.0552595
0.0555141
0.0554047
0.0553368
0.0550958
0.0547826
0.05521
0.0554488
0.0552368
0.0554082
0.0549805
0.0552228
0.0555139
0.0548933
0.0541529
0.0546856
0.0551158
0.0552251
0.0547395
0.0549442
0.0549933
0.0552916
0.0547909
0.0548872
0.0544852
0.0549475
0.055095
0.0549357
0.0546857
0.0553048
0.055799
0.0561769
0.0558897
0.0552596
0.0550201
0.0551842
0.0554239
0.0550161
0.0549428
0.0550335
0.0551937
0.0557227
0.0551069
0.0555947
0.0550918
0.0552114
0.0553243
0.0553321
0.0553364
0.0549508
0.05491
0.0544708
0.0549267
0.0545802
0.0545571
0.0554614
0.054928
0.0545941
0.0549058
0.0551187
0.0553895
0.0556134
0.0551673
0.0547127
0.0547767
0.0552301
0.0553085
0.0556635
0.0549758
0.0549841
0.0555031
0.0555293
0.0555243
0.0553988
0.0548182
0.0552329
0.0554816
0.0549837
0.0545627
0.0544372
0.0541105
0.0547365
0.0545377
0.0545205
0.0550299
0.0546615
0.0557306
0.055454
0.0555421
0.0550724
0.0550712
0.0548615
0.0543447
0.0544515
0.0547347
0.0552812
0.0550451
0.0551167
0.0547148
0.0547759
0.054725
0.0549245
0.0550219
0.0545349
0.0547959
0.0544795
0.0546176
0.0545884
0.0548978
0.055243
0.0550648
0.0549728
0.0546541
0.0547236
0.0546212
0.0549709
0.0540239
0.0543425
0.0545679
0.0551078
0.0551342
0.0554305
0.054767
0.0553578
0.0553645
0.0555815
0.055482
0.0556041
0.0556314
0.0557676
0.0554213
0.0557212
0.0555453
0.0554797
0.0557137
0.0555137
0.0554804
0.0555984
0.0551377
0.0547257
0.0551108
0.0551963
0.0553188
0.0554135
0.0555401
0.0550164
0.0548296
0.0550467
0.0552126
0.0550595
0.0547686
0.0544171
0.0548876
0.0551344
0.0554271
0.0551267
0.0545612
0.0553225
0.0554413
0.0555314
0.0558028
0.0556883
0.0550631
0.0553356
0.0553428
0.0554309
0.0551911
0.0550242
0.0556834
0.0554849
0.0556216
0.0558856
0.0554596
0.0555255
0.0557618
0.0554693
0.0555912
0.0552415
0.0553326
0.0547499
0.0554628
0.0558539
0.0553061
0.0550573
0.0554629
0.0554439
0.0549532
0.0547337
0.0549744
0.055472
0.0556763
0.055443
0.0556405
0.0553452
0.0552898
0.0549983
0.0549997
0.0549713
0.0550913
0.0550569
0.0548691
0.0548638
0.0548603
0.0554138
0.0548646
0.0548544
0.0550824
0.0551105
0.0551341
0.055372
0.0551302
0.0553963
0.0553916
0.0555296
0.055777
0.0559633
0.0553997
0.0557636
0.0552941
0.0549058
0.0552908
0.055212
0.0555966
0.0553092
0.0558447
0.0562453
0.0555668
0.0554272
0.0559643
0.0558289
0.0557814
0.0557733
0.055655
0.0549753
0.0556473
0.0554321
0.0551272
0.0556263
0.0551898
0.0555319
0.0556906
0.0562274
0.0557296
0.0558771
0.0560365
0.0556399
0.0552823
0.0553127
0.0556886
0.0554965
0.0553133
0.0549974
0.0554921
0.0556414
0.0555525
0.055327
0.055234
0.0547947
0.055461
0.0554696
0.0550023
0.0553135
0.0547315
0.054496
0.0544532
0.0547737
0.0549168
0.0548092
0.0552443
0.0552252
0.0551535
0.0551916
0.0548788
0.0548696
0.0550741
0.0547614
0.0556278
0.0551984
0.0555072
0.0552618
0.0551411
0.0556493
0.0556483
0.0555366
0.0554981
0.0553726
0.0556859
0.0560726
0.0558397
0.0559955
0.0558563
0.0560328
0.0556518
0.0556598
0.0555532
0.0562124
0.0552101
0.0553666
0.0553775
0.0548564
0.0550093
0.0547983
0.0548487
0.0545148
0.0546978
0.0548873
0.0550488
0.0554174
0.0542916
0.054938
0.055216
0.0553157
0.055234
0.0555103
0.0560483
0.0555675
0.0552656
0.0556285
0.0550953
0.0551003
0.0550154
0.0548212
0.0545952
0.0547401
0.054888
0.0549258
0.0549194
0.0544788
0.0548241
0.0550567
0.054914
0.0548665
0.0551234
0.0547764
0.0550134
0.0550581
0.0546353
0.0553935
0.0551818
0.0550732
0.0551822
0.0553618
0.0555992
0.0553164
0.0551214
0.0554781
0.0553117
0.0552523
0.0553003
0.0554519
0.0551915
0.0551995
0.0548092
0.0547872
0.0546681
0.0546926
0.0550464
0.0550648
0.0553248
0.055397
0.0552587
0.0548145
0.0551175
0.0549868
0.0553009
0.0554073
0.0553451
0.0550524
0.054996
0.0552259
0.0553543
0.0558147
0.0548325
0.0548248
0.0547009
0.0548525
0.0541524
0.0545855
0.0550871
0.0550021
0.0556951
0.0556644
0.0558183
0.0558471
0.0554422
0.0562349
0.0559544
0.0556299
0.0559253
0.0562533
0.055476
0.0558966
0.0557366
0.0558813
0.0557265
0.0560108
0.055833
0.0554605
0.0561213
0.0557349
0.0552999
0.0551479
0.05517
0.0549019
0.0551922
0.0557566
0.0554059
0.0556204
0.0554377
0.0555851
0.0555664
0.0553845
0.0555995
0.055433
0.0551081
0.0553899
0.055336
0.0555429
0.0556194
0.0553644
0.0554983
0.055438
0.0550239
0.0547181
0.0546206
0.0548711
0.0556596
0.0555741
0.0551332
0.0547106
0.0549605
0.0553003
0.0554958
0.0550796
0.0552681
0.0553816
0.0553234
0.0550526
0.0549354
0.0556764
0.0552402
0.0545571
0.0544611
0.0546191
0.0551408
0.0545842
0.0546953
0.0549742
0.0554653
0.0555739
0.0554725
0.0554041
0.0559787
0.0557459
0.055725
0.0550237
0.0556816
0.0559309
0.0557405
0.0562746
0.0558093
0.0561918
0.0561251
0.0561309
0.0560284
0.0558312
0.0559918
0.0555164
0.0557269
0.0558018
0.0557406
0.0554015
0.0559195
0.0556818
0.0550232
0.054908
0.0552861
0.0551334
0.0553665
0.0560667
0.0555978
0.0552421
0.0552926
0.0554308
0.0550816
0.0548145
0.0553025
0.0552478
0.0552953
0.055305
0.0560763
0.0555587
0.0558487
0.0560455
0.05595
0.0558743
0.0556982
0.055449
0.0555146
0.0553074
0.0555068
0.0558498
0.0556435
0.0552199
0.0556601
0.0555211
0.0553667
0.0549944
0.0552918
0.0550994
0.0551209
0.0551003
0.0555076
0.0554167
0.0551251
0.0551888
0.0553325
0.0544076
0.0546656
0.0546914
0.0549312
0.0547981
0.0549954
0.0547931
0.0548618
0.0547915
0.0545203
0.05512
0.0554696
0.0547596
0.0554469
0.0555588
0.0559774
0.0560087
0.0562853
0.0560102
0.0558551
0.0562214
0.0558044
0.0560729
0.0559978
0.0559959
0.0550278
0.0550632
0.0550752
0.0555618
0.0555386
0.0550855
0.0553328
0.0552864
0.0551596
0.0562027
0.0562449
0.055661
0.0552232
0.0554435
0.0559149
0.0557319
0.0558153
0.0556693
0.0554351
0.0556983
0.0556993
0.0551922
0.0556934
0.0556255
0.0553907
0.0556173
0.0553508
0.0551824
0.0550708
0.0554743
0.0555693
0.0559013
0.0562655
0.0557576
0.0553094
0.0553983
0.055268
0.0560947
0.0565384
0.0562262
0.0557557
0.0557559
0.0563421
0.0558059
0.0554912
0.0554463
0.0553608
0.0549919
0.0551201
0.055878
0.0560107
0.0555
0.0555412
0.0551535
0.0553042
0.055531
0.0554698
0.0558972
0.055806
0.0553051
0.0553651
0.0554897
0.0558724
0.0559068
0.0561892
0.0558601
0.0561514
0.0559448
0.0557394
0.0560821
0.0555069
0.0554795
0.0548842
0.0550372
0.0550042
0.0550885
0.0553404
0.0553974
0.0555601
0.0555883
0.0550649
0.0554171
0.0553001
0.0550404
0.0545675
0.0548565
0.0553466
0.0550299
0.0554036
0.0562277
0.0553608
0.0557065
0.0553096
0.0552424
0.0556001
0.0556444
0.0558658
0.0556039
0.0556815
0.0558178
0.0553555
0.0553511
0.0554488
0.0558457
0.0557748
0.0556914
0.0554802
0.0555957
0.0553742
0.0550954
0.0551152
0.0556647
0.055575
0.055698
0.0557733
0.0555928
0.0557007
0.0557262
0.0557856
0.0558835
0.0558938
0.0561851
0.0560924
0.0556789
0.0557345
0.055744
0.0561905
0.0556029
0.0558751
0.0554345
0.0550581
0.0562551
0.0564055
0.0561955
0.0565107
0.0562776
0.055546
0.0555223
0.0557661
0.0555958
0.0562021
0.055942
0.056196
0.0564031
0.0563234
0.0560874
0.0552733
0.0561672
0.0556366
0.0556188
0.0556108
0.0552561
0.0558318
0.056188
0.0565914
0.0560462
0.055794
0.0553393
0.0561485
0.0563007
0.0561935
0.0557198
0.0558254
0.055241
0.0551682
0.0554011
0.0551699
0.0549764
0.0553791
0.0555594
0.055248
0.0556906
0.0557261
0.0563523
0.0563005
0.0557669
0.0546997
0.0552169
0.0557286
0.0551228
0.0556031
0.0557759
0.0553262
0.0555623
0.0551872
0.055668
0.0555348
0.0555652
0.0558149
0.0560033
0.0556097
0.0555927
0.0559268
0.0556057
0.0551563
0.0553522
0.0557089
0.055554
0.0555418
0.0563621
0.0559106
0.0555648
0.0554711
0.0549094
0.054589
0.0549874
0.0555424
0.055235
0.0549293
0.0545133
0.0541508
0.0548308
0.0548602
0.0547617
0.0547965
0.0552373
0.0554174
0.0556522
0.0552015
0.0548215
0.0541641
0.0549894
0.0548266
0.0547812
0.054933
0.0548413
0.0552257
0.0551547
0.0549676
0.0545018
0.055141
0.055396
0.0559317
0.0553765
0.0549021
0.055127
0.0552435
0.055453
0.0555819
0.055882
0.0552363
0.0554572
0.0552839
0.0549433
0.0557309
0.0557136
0.055009
0.0555477
0.0552547
0.0552596
0.0558245
0.0552177
0.0546636
0.0550445
0.0545783
0.0549905
0.0552577
0.055417
0.0554834
0.0553504
0.0550718
0.0557303
0.0549214
0.0555482
0.0557148
0.0552625
0.0548002
0.0547086
0.055193
0.0552921
0.0553881
0.0550952
0.0558358
0.0556014
0.0556816
0.0557104
0.0556583
0.0551283
0.0553432
0.0554441
0.0553795
0.05576
0.0552573
0.0556563
0.0551668
0.0555584
0.0550934
0.0559406
0.0556019
0.0556563
0.0559353
0.0558982
0.0558866
0.0559489
0.0562751
0.0559579
0.0560527
0.0561968
0.0562094
0.0558048
0.0558109
0.0558177
0.0551858
0.0555279
0.0561672
0.0555202
0.0551601
0.0556168
0.0552085
0.0551292
0.0553211
0.0553604
0.0554943
0.0550366
0.05478
0.0547561
0.0554213
0.0552011
0.055728
0.0561907
0.0562958
0.0554351
0.0556141
0.0559406
0.0554203
0.0549272
0.0551765
0.0558497
0.0555064
0.0554832
0.055576
0.0553482
0.0557815
0.0558749
0.0566478
0.0569501
0.0562769
0.0557382
0.055079
0.0552536
0.0558145
0.0557918
0.0561721
0.056523
0.0556295
0.0559488
0.055614
0.0553175
0.0553622
0.0555256
0.0554942
0.0548135
0.0547887
0.055404
0.0550031
0.0553484
0.0556136
0.0549309
0.0554455
0.0546256
0.0549109
0.0551784
0.0551729
0.0554547
0.0555751
0.0554489
0.0555925
0.0556048
0.0560806
0.056239
0.0557173
0.0553684
0.0559125
0.0560733
0.0554717
0.0555451
0.0554238
0.0560924
0.056138
0.056031
0.0559476
0.0553657
0.0557829
0.0558131
0.055912
0.0560426
0.0558302
0.0557017
0.0557698
0.0552589
0.0551657
0.0557629
0.0556454
0.0558407
0.0557206
0.0555245
0.0555273
0.0563707
0.0561712
0.0559684
0.0561412
0.056715
0.0562061
0.0557942
0.0557625
0.0555305
0.0554411
0.0551416
0.0552623
0.0557806
0.0560251
0.0551904
0.0556272
0.0555943
0.055573
0.0551926
0.055631
0.0554047
0.0557609
0.0555911
0.055207
0.0554038
0.0557418
0.0552926
0.0546303
0.0553984
0.0555443
0.0557051
0.0560141
0.0558358
0.0557131
0.0552338
0.0553245
0.0554422
0.0557024
0.0559426
0.0562681
0.0559277
0.0558239
0.0554993
0.0557588
0.0561568
0.0561345
0.0557759
0.0563008
0.0555772
0.0554768
0.0559684
0.0559739
0.0559689
0.0556955
0.0564758
0.0564029
0.0564173
0.056381
0.0563381
0.055863
0.0565166
0.0560927
0.0555887
0.0552587
0.0562628
0.0563798
0.0566549
0.0563466
0.056457
0.0560331
0.0553075
0.0551718
0.0554066
0.0555905
0.0556189
0.055846
0.0555673
0.0560485
0.0560102
0.0553202
0.0557799
0.0557774
0.0558801
0.055556
0.0557148
0.0558374
0.0562621
0.0558122
0.0559126
0.0557044
0.0558242
0.0559426
0.0562237
0.0562271
0.0558826
0.0558177
0.0555312
0.0556564
0.0557546
0.0559423
0.0556741
0.056189
0.0561969
0.0561863
0.0557205
0.0559967
0.0562345
0.0559365
0.0562789
0.056383
0.0563004
0.0562089
0.0557932
0.0559015
0.0560078
0.0562152
0.0564068
0.0562522
0.0560385
0.0559301
0.0556025
0.0557098
0.0554593
0.0551903
0.0556978
0.0558927
0.0557767
0.0557805
0.0560163
0.0565417
0.0556094
0.0562172
0.0559755
0.0554734
0.0561305
0.0556073
0.0558931
0.0556292
0.0560785
0.0556962
0.0556942
0.0560906
0.0559792
0.0552226
0.0560462
0.0560845
0.0563964
0.0558205
0.0557452
0.0553864
0.0554136
0.0557016
0.0556726
0.0555606
0.0561065
0.0556884
0.0552929
0.0547525
0.0551594
0.0552471
0.0551584
0.0553441
0.0558024
0.0558794
0.0556658
0.0561846
0.0562849
0.0557987
0.055913
0.0561641
0.0560139
0.0566051
0.0559065
0.0559922
0.0561849
0.0564595
0.0557127
0.0560784
0.0557243
0.056337
0.056027
0.0562926
0.0559727
0.0558678
0.055869
0.0557483
0.0550634
0.0554918
0.0558497
0.0561908
0.0561165
0.0558606
0.0558276
0.0563008
0.0562672
0.0559955
0.0558952
0.0560543
0.0559052
0.0557326
0.0558428
0.0556363
0.0557218
0.055919
0.055908
0.0559548
0.0557336
0.0559114
0.0556462
0.0554625
0.0556193
0.055669
0.0554291
0.0560356
0.0561966
0.055922
0.0562349
0.056176
0.055556
0.0561648
0.0559274
0.0562812
0.056582
0.0562564
0.0560554
0.056069
0.0558648
0.0562207
0.0563
0.0559019
0.0564776
0.0560393
0.0565458
0.0556143
0.0555782
0.0554971
0.0554624
0.0559012
0.0558455
0.0560396
0.0559937
0.0557785
0.055441
0.0555978
0.0562963
0.055352
0.0561275
0.0563111
0.0557744
0.055975
0.0564742
0.0557894
0.055273
0.0556526
0.0568108
0.0564868
0.0569329
0.0563613
0.0561434
0.0560243
0.0556734
0.0558945
0.0560229
0.0551717
0.0561366
0.0556645
0.055218
0.0554776
0.0558223
0.0553505
0.0555463
0.0555586
0.0555214
0.0555597
0.0556298
0.0559328
0.0559491
0.0561164
0.0558365
0.0556349
0.0558757
0.0560994
0.0558653
0.055536
0.0562925
0.0559145
0.0562386
0.0562137
0.0556044
0.0555893
0.056472
0.0564318
0.0561719
0.056642
0.0562444
0.0555665
0.0556302
0.0556215
0.0558547
0.0555289
0.0561122
0.0562183
0.0559788
0.0560793
0.0555119
0.0557858
0.0559555
0.05564
0.0557265
0.0559894
0.0557969
0.0557149
0.0557171
0.0557342
0.0556279
0.0556251
0.0558453
0.0563825
0.055894
0.0557043
0.0556134
0.0556655
0.0560834
0.0557612
0.0558111
0.0556397
0.0560237
0.0560811
0.0556975
0.0560574
0.0555675
0.0558814
0.056232
0.0559023
0.0562948
0.0560026
0.0554868
0.0557674
0.0559912
0.0562645
0.0559414
0.0552216
0.0555517
0.0559873
0.0560071
0.0562677
0.056767
0.0564849
0.0568418
0.0566814
0.0565568
0.0564605
0.0562928
0.0564299
0.0557045
0.055402
0.055506
0.0551339
0.0553924
0.0555774
0.0553762
0.0558694
0.055742
0.0553628
0.0554712
0.0555766
0.0548935
0.0555559
0.0555164
0.0556935
0.0556458
0.0553178
0.0549948
0.0555072
0.0558152
0.0553856
0.0555682
0.0551599
0.0550146
0.055397
0.0550266
0.0553744
0.0552206
0.0551683
0.0550534
0.0550751
0.054907
0.0550889
0.0548225
0.0556165
0.0551916
0.055196
0.055493
0.0552437
0.0554152
0.0556214
0.0557494
0.0558182
0.0555932
0.0553213
0.0554541
0.0556678
0.0560883
0.0557848
0.0555864
0.0557105
0.0562068
0.0560327
0.0559964
0.0551013
0.0547551
0.0547184
0.0551715
0.0557098
0.0554966
0.0560136
0.0562554
0.0564878
0.0565589
0.056463
0.0561791
0.0561283
0.0560497
0.0559297
0.0559591
0.055869
0.0557834
0.0558941
0.0556962
0.0554235
0.0558405
0.0557785
0.055508
0.0555411
0.0558308
0.0553679
0.0554875
0.0551615
0.0556718
0.0555516
0.0556824
0.0550119
0.0551667
0.0553133
0.0554992
0.055598
0.0558481
0.0560026
0.0563641
0.0562334
0.0562466
0.0565117
0.0559316
0.056356
0.0562647
0.0555113
0.055388
0.0556038
0.0551927
0.0556761
0.0558518
0.055929
0.0557087
0.0554444
0.0553436
0.0562031
0.0560807
0.0556968
0.0556589
0.056325
0.0561392
0.055899
0.0563175
0.0556504
0.0554342
0.0554608
0.0554913
0.0553481
0.0553745
0.0557633
0.0553873
0.0559128
0.0557239
0.0554161
0.0550744
0.055335
0.0555927
0.0550845
0.0553748
0.0558183
0.0563543
0.0565077
0.0562427
0.0558713
0.0560744
0.0562159
0.0561566
0.055459
0.0562121
0.0560088
0.0558242
0.0553307
0.0560582
0.0562884
0.056112
0.0559569
0.055585
0.0557156
0.0559656
0.0555291
0.0555407
0.0550857
0.0562271
0.0563655
0.0561422
0.0562915
0.0558784
0.0553987
0.0556384
0.0556912
0.0556624
0.0553558
0.0555511
0.0550662
0.0562268
0.0559575
0.0561364
0.0558238
0.0559057
0.0559341
0.0557884
0.0558873
0.0560735
0.056057
0.0560462
0.0564973
0.0563034
0.0560601
0.0558178
0.0557923
0.055731
0.0552211
0.0558176
0.0558513
0.0559492
0.0563606
0.055895
0.0559003
0.0552344
0.0553412
0.0551738
0.0551741
0.0553798
0.0556104
0.0560604
0.0555159
0.0558808
0.0561757
0.0557093
0.0564366
0.0568046
0.0560733
0.0564843
0.0564066
0.0559295
0.0555142
0.0562099
0.0563471
0.0559301
0.0557619
0.055707
0.0563036
0.0558938
0.0558622
0.0555642
0.0555803
0.0556738
0.0555489
0.0553505
0.0556849
0.0557094
0.055528
0.0561456
0.0560711
0.0557712
0.055502
0.0554779
0.0555049
0.0550049
0.0554636
0.055798
0.0555022
0.0561972
0.0561056
0.0560339
0.0555364
0.0555584
0.0556333
0.0561461
0.0553933
0.0557011
0.0547903
0.0545008
0.055088
0.0554627
0.0546561
0.0551132
0.0556923
0.0558841
0.0556543
0.0556516
0.0557647
0.0552322
0.0555709
0.0563271
0.055978
0.0558519
0.055163
0.0554144
0.0564617
0.0556944
0.0560646
0.055951
0.0556056
0.0559275
0.056054
0.0563208
0.0560589
0.0561554
0.0561881
0.055564
0.0559104
0.0558759
0.0557293
0.0548611
0.0549956
0.055453
0.0550247
0.0555976
0.0556786
0.055394
0.0553362
0.055195
0.0554178
0.0555986
0.0556886
0.0554101
0.0552917
0.0554177
0.0553482
0.0556825
0.0556724
0.0554897
0.0559395
0.0552342
0.055729
0.0555466
0.0552098
0.0560031
0.0558151
0.0555784
0.0552142
0.0549897
0.055357
0.0557882
0.0556923
0.0553839
0.0555819
0.0556706
0.0556291
0.0554114
0.0547787
0.0556371
0.0557797
0.0559099
0.0562659
0.0560936
0.056064
0.055999
0.0561994
0.0561083
0.0554032
0.0557091
0.0555519
0.0558606
0.0559686
0.0549571
0.0552946
0.0551011
0.0552017
0.0554744
0.0548763
0.0553529
0.0554317
0.0560811
0.055411
0.0558288
0.0558826
0.0553757
0.0551052
0.0554341
0.055165
0.0549958
0.0555134
0.0557342
0.0554642
0.0553337
0.0560039
0.0559738
0.0562559
0.0559028
0.0560698
0.0560293
0.0560118
0.0560404
0.0564205
0.0561836
0.0557116
0.0556982
0.0555662
0.0556033
0.055854
0.0560098
0.0565205
0.0559847
0.0556206
0.0560052
0.0560333
0.0566513
0.0561294
0.0557593
0.0555451
0.0560202
0.0565641
0.0565663
0.0557344
0.0559437
0.0558729
0.0558981
0.0558768
0.0558159
0.0557633
0.0557397
0.0548115
0.0554959
0.0550386
0.0555977
0.055891
0.0551686
0.0563659
0.055802
0.0563385
0.0560184
0.0556771
0.0551421
0.0560692
0.0556576
0.0554704
0.0557776
0.0558064
0.0549175
0.0549609
0.0551429
0.0554932
0.0551027
0.0550747
0.0555329
0.055593
0.0557956
0.0555475
0.0554365
0.0556365
0.0558666
0.0553102
0.0554167
0.0549174
0.0554717
0.0554117
0.0558463
0.0558764
0.0559718
0.055681
0.0553404
0.0558
0.0553039
0.0560604
0.0567678
0.0566596
0.0562666
0.0563346
0.0567169
0.0564637
0.0566134
0.055986
0.0559174
0.0566121
0.0558386
0.0556794
0.0557002
0.0558202
0.0559934
0.0560352
0.0561777
0.0563565
0.0561521
0.0562882
0.0559543
0.0561387
0.0560226
0.0560626
0.0555688
0.0555348
0.0557124
0.0567112
0.0560836
0.0562776
0.056141
0.0555321
0.0554613
0.0557784
0.0561025
0.0550226
0.0554633
0.0545974
0.0550566
0.0550877
0.0549938
0.0553325
0.0552915
0.0553668
0.0557817
0.0556888
0.0552171
0.0556806
0.0554746
0.0557527
0.0551442
0.0555908
0.05573
0.0559009
0.0562588
0.0559813
0.0561048
0.0556731
0.0550864
0.0558403
0.0558731
0.0558573
0.055858
0.0559936
0.0559051
0.0556623
0.0559822
0.0563121
0.0560438
0.0558126
0.056366
0.0558261
0.0561193
0.0563096
0.0558372
0.0557449
0.0554825
0.0563338
0.0562499
0.0564407
0.0555825
0.0560046
0.0559377
0.0562103
0.0567695
0.0558276
0.0566065
0.056199
0.0564629
0.056764
0.0560046
0.0561082
0.0559544
0.0556327
0.0562916
0.0561174
0.0557992
0.0559535
0.0562909
0.0567674
0.05618
0.0558518
0.0559495
0.0565051
0.0560559
0.0562572
0.0565851
0.0560657
0.056541
0.0572174
0.0569021
0.0566785
0.0563417
0.0564921
0.0566474
0.0568281
0.0569237
0.0569946
0.0563965
0.0561419
0.056294
0.0561531
0.0564911
0.0566235
0.0562025
0.0560239
0.0564776
0.0565366
0.0562324
0.0560987
0.0562807
0.0566987
0.0564519
0.0566181
0.0562264
0.0563767
0.0563858
0.0570555
0.0565293
0.0567094
0.0564483
0.0562008
0.0560743
0.0560108
0.056491
0.0563527
0.0561246
0.0563732
0.0560681
0.0559256
0.0558074
0.0562561
0.0560584
0.0562175
0.0561977
0.0564238
0.0568867
0.0559125
0.0560878
0.0562242
0.0563026
0.0560925
0.0555288
0.0558177
0.056416
0.0562056
0.0565807
0.056713
0.056431
0.0564961
0.0567533
0.05621
0.0565712
0.0560584
0.0562773
0.0559048
0.0559382
0.0566339
0.0565672
0.0562159
0.0561423
0.0559961
0.0558798
0.0564035
0.0565673
0.0561436
0.0565636
0.0569023
0.0565588
0.0564157
0.0562709
0.0561293
0.0563536
0.0561785
0.056725
0.0566407
0.0561575
0.0566772
0.0564203
0.0566662
0.056722
0.0569173
0.0567677
0.0561598
0.0565635
0.0565008
0.0565044
0.0565248
0.055818
0.0558853
0.0555172
0.055789
0.0561929
0.0561212
0.0553543
0.0555393
0.0558449
0.055941
0.0556301
0.0556506
0.0560054
0.0562212
0.0563028
0.0557806
0.0557293
0.0560722
0.056618
0.0568351
0.0561494
0.0563351
0.0569441
0.0566388
0.0563193
0.0568862
0.0563101
0.0562293
0.0559824
0.056245
0.0557464
0.0557932
0.0556864
0.0557199
0.05592
0.0558097
0.0556455
0.0558521
0.0560796
0.0555108
0.0554504
0.0552808
0.0554935
0.0556956
0.0554484
0.0558679
0.0564356
0.0564589
0.0561922
0.0564206
0.0563704
0.0561194
0.0555504
0.0563151
0.0559429
0.0558271
0.0555008
0.0560343
0.0557238
0.0552089
0.0556391
0.0562505
0.0564569
0.0566948
0.0556315
0.0557069
0.0559364
0.0559322
0.0560367
0.0556379
0.055371
0.0551936
0.0551811
0.0555427
0.0560231
0.0560264
0.0556885
0.0555051
0.0555321
0.0547078
0.0556242
0.0554296
0.0553402
0.0551127
0.0555831
0.0556688
0.0553219
0.0554443
0.0550128
0.0548904
0.0548546
0.0559966
0.0559133
0.0556278
0.0560239
0.0558703
0.0553833
0.055987
0.0562468
0.0559584
0.0562476
0.0561574
0.0556722
0.0555696
0.0559115
0.0557957
0.0554116
0.0557587
0.0561861
0.0559279
0.0561792
0.0560144
0.0565463
0.0564482
0.0560742
0.0559126
0.0556372
0.0560989
0.0555078
0.0561162
0.055814
0.0557069
0.055255
0.0560093
0.0562284
0.0560617
0.0558061
0.055746
0.0565721
0.0562327
0.0561843
0.0562014
0.0563022
0.0556375
0.055853
0.0556236
0.0554658
0.0556837
0.0560028
0.0558781
0.0551561
0.0556699
0.0555165
0.0550435
0.0552399
0.0555358
0.0556961
0.0550431
0.0554542
0.0554631
0.0556532
0.0553675
0.0557779
0.0555503
0.0551816
0.0557744
0.0559913
0.0559395
0.0560326
0.0563285
0.0560036
0.0558403
0.0555723
0.0561072
0.0561805
0.0559905
0.055644
0.0559277
0.0560198
0.0561969
0.0557192
0.0552672
0.0554555
0.0554805
0.0552588
0.055627
0.0559394
0.0552365
0.05497
0.0559103
0.055856
0.0560426
0.0560606
0.0562047
0.0565556
0.0563196
0.0564029
0.0563316
0.0558718
0.0561439
0.0560077
0.0554014
0.0553588
0.0559625
0.056261
0.0559804
0.0565696
0.0559341
0.0561214
0.0557733
0.056102
0.0563218
0.0565369
0.0560194
0.0563314
0.0563578
0.0556568
0.0562441
0.0559225
0.0562569
0.0565982
0.056252
0.0564857
0.0554458
0.0564597
0.0560006
0.0560298
0.0565228
0.0561283
0.0560189
0.0558991
0.0555243
0.0553855
0.0558696
0.0560264
0.0563716
0.0554896
0.0555877
0.0551571
0.0556872
0.0558793
0.0552166
0.0557552
0.0556938
0.0557065
0.0557475
0.0557847
0.0559641
0.0559626
0.0555166
0.0549078
0.0552754
0.0552348
0.054999
0.0558247
0.0562694
0.0563649
0.0567743
0.0565559
0.0557164
0.0554284
0.0554659
0.0555125
0.0550176
0.0547413
0.0549579
0.0549444
0.0555927
0.0549567
0.0553066
0.055691
0.0555375
0.0553841
0.0558978
0.0562781
0.0559516
0.0556849
0.0561934
0.0554948
0.0559698
0.0555898
0.0560612
0.0560502
0.0557091
0.0560648
0.0554903
0.0560065
0.055882
0.0550711
0.0559728
0.0553377
0.0550052
0.0552541
0.0554975
0.0558347
0.0553514
0.0550381
0.0551645
0.0557544
0.0557247
0.0563287
0.0561223
0.0561768
0.0556649
0.056278
0.056022
0.0566676
0.0562226
0.0559016
0.0559909
0.0564093
0.0564112
0.0561246
0.0563167
0.056454
0.055933
0.0555165
0.0555427
0.0560877
0.0561094
0.0556944
0.0555299
0.0556566
0.0554522
0.0554989
0.0554671
0.0557089
0.0559207
0.0563655
0.0563223
0.056666
0.056954
0.0563211
0.0565419
0.0567689
0.0572459
0.0566706
0.0560481
0.056085
0.0554733
0.0558752
0.0556761
0.0557809
0.055952
0.0562028
0.0561422
0.0559052
0.0559393
0.05548
0.0557141
0.0560448
0.055691
0.0562642
0.0562007
0.0558684
0.0557699
0.0558568
0.0560254
0.0556353
0.0556605
0.0554542
0.0557946
0.0565497
0.0561429
0.056295
0.056299
0.0561226
0.0558707
0.0560583
0.055806
0.0559783
0.055776
0.0552886
0.0555041
0.0554814
0.0555458
0.0558471
0.0561262
0.0561354
0.0555961
0.0558312
0.0555251
0.0556623
0.0553426
0.0556821
0.0552284
0.0555253
0.0554357
0.0550634
0.0554943
0.0557439
0.0558108
0.0561719
0.0554248
0.055277
0.0553878
0.0557013
0.0562085
0.0559491
0.0559683
0.0561596
0.0560049
0.0558215
0.0554094
0.0556101
0.0558792
0.0560847
0.0561122
0.056466
0.0557229
0.0552513
0.0555728
0.0557249
0.0558422
0.0552631
0.0554874
0.0561625
0.0555184
0.0554726
0.0554599
0.0560821
0.0563414
0.0555634
0.0558848
0.0554974
0.0559781
0.0556151
0.0560026
0.0553388
0.0551146
0.0554759
0.0563134
0.0559192
0.0563443
0.056429
0.0563376
0.0560396
0.0559858
0.0559871
0.056436
0.0561643
0.0555863
0.0548956
0.0548753
0.0547023
0.0557365
0.0558257
0.0555644
0.0555542
0.0559543
0.0549835
0.0550418
0.0550875
0.0558229
0.0552739
0.0557004
0.0556699
0.0561375
0.0561721
0.0560203
0.055489
0.0558278
0.0561418
0.0562894
0.056744
0.0564094
0.0560173
0.0558522
0.056038
0.055718
0.0555377
0.0557597
0.0559738
0.0560572
0.0561215
0.0554391
0.0561572
0.0558584
0.0561783
0.0558234
0.0561459
0.055751
0.0559929
0.0558511
0.0559016
0.0557542
0.0555693
0.0559128
0.0566777
0.0564207
0.0560189
0.0565328
0.0555521
0.056142
0.0559588
0.056001
0.055857
0.0562476
0.0559496
0.0560553
0.0559731
0.0558552
0.0562278
0.056188
0.056191
0.0561912
0.0561046
0.0559081
0.0559936
0.0561489
0.0558446
0.0560316
0.0560483
0.0562295
0.0558959
0.0554252
0.0557488
0.0553297
0.0563043
0.0559926
0.0560039
0.0560493
0.0552184
0.0557712
0.0559061
0.0559376
0.0557559
0.0557475
0.0558673
0.0557127
0.0562984
0.0560041
0.0562702
0.0564615
0.0562675
0.0558885
0.0556209
0.0558765
0.0557726
0.0558492
0.0565566
0.0556369
0.0556882
0.0552554
0.0556935
0.0555628
0.0560678
0.0563733
0.0559163
0.0566371
0.0559537
0.055936
0.0557736
0.0559641
0.0555206
0.0555481
0.0555469
0.0558775
0.0566395
0.056377
0.0562252
0.0562893
0.0559344
0.055838
0.0558233
0.0560621
0.0559602
0.0554698
0.0560905
0.05602
0.0562186
0.0557328
0.0557155
0.0564676
0.0561602
0.0560393
0.0562424
0.0561125
0.0562068
0.0564939
0.0563736
0.05696
0.0568075
0.056255
0.0561173
0.056678
0.0568043
0.0565524
0.0564056
0.0565128
0.0558228
0.0554705
0.0560503
0.0561758
0.0563183
0.055634
0.0556173
0.0556441
0.0560069
0.055662
0.0557252
0.0555972
0.0559816
0.055548
0.0560786
0.0552776
0.0551841
0.0558237
0.0562118
0.0559975
0.056533
0.0569093
0.056856
0.0558531
0.0564063
0.0560161
0.0564289
0.0558447
0.0559576
0.0559068
0.0555463
0.0558641
0.0563324
0.0558106
0.0565481
0.0561002
0.0561555
0.0554525
0.055574
0.0558513
0.0564592
0.0561595
0.0563286
0.0564194
0.0555963
0.0559073
0.0559193
0.0562832
0.056416
0.0557158
0.05596
0.0560367
0.0558749
0.0555836
0.0552785
0.0556062
0.0554401
0.0559841
0.0559427
0.0558933
0.0559007
0.0558962
0.0563568
0.0563472
0.0562289
0.0562172
0.0562356
0.0567395
0.0562721
0.0560992
0.0562831
0.0565965
0.0562934
0.0560884
0.0567108
0.0564544
0.0568625
0.0568793
0.0567559
0.0566259
0.0561463
0.055692
0.0562972
0.0561184
0.0558975
0.0563729
0.0562403
0.0566546
0.0564708
0.0563981
0.0568142
0.0565183
0.0561543
0.0566445
0.0568096
0.0567724
0.0562957
0.0559786
0.0557654
0.0563991
0.0561442
0.0558541
0.0558599
0.0560374
0.0562784
0.0556721
0.0561373
0.0556552
0.055567
0.0558701
0.0560504
0.0562422
0.0564488
0.0567054
0.0560379
0.0563913
0.0558384
0.0557574
0.0560915
0.0562149
0.0556433
0.0557917
0.0558531
0.0557631
0.0560409
0.0556714
0.055609
0.0561173
0.0565344
0.0563375
0.0561004
0.0555164
0.0551337
0.0554283
0.0556729
0.0549291
0.0548858
0.0551991
0.0552764
0.0557331
0.0557693
0.055826
0.0552229
0.0553142
0.0555555
0.0556908
0.0558838
0.0558117
0.0558641
0.055891
0.0556017
0.0560498
0.0559535
0.0561839
0.0559698
0.0561594
0.0557493
0.0562199
0.0562357
0.056377
0.0560505
0.0564226
0.0565111
0.0560168
0.0556318
0.0555783
0.0558454
0.0560392
0.0563092
0.0556869
0.0557155
0.0555782
0.0556423
0.0560031
0.0559952
0.0559814
0.0562805
0.056086
0.0557925
0.0560842
0.0563514
0.0564309
0.056498
0.0565149
0.0559891
0.056318
0.0564666
0.0560696
0.0558118
0.0552821
0.0551469
0.0556733
0.0567484
0.0561318
0.0562942
0.0565309
0.0563233
0.056616
0.0568498
0.0564838
0.0563317
0.0560339
0.0565364
0.0563273
0.0567276
0.0567068
0.0563342
0.0561332
0.0567421
0.0563252
0.0559281
0.0555053
0.0555906
0.05583
0.055989
0.0566861
0.0566219
0.0568682
0.0560858
0.0561454
0.0559238
0.0562254
0.0561427
0.0564111
0.056001
0.0560083
0.0565968
0.0559504
0.0561736
0.0556702
0.0557931
0.0552965
0.0558556
0.0559678
0.0556174
0.055925
0.0558299
0.0557066
0.0559305
0.055553
0.0557745
0.0559356
0.0557528
0.055834
0.0556641
0.0562502
0.0561681
0.0557567
0.0558502
0.0556607
0.0557247
0.0558267
0.0563173
0.0564528
0.055883
0.0560634
0.0560849
0.0564373
0.0565266
0.0565628
0.0560006
0.0559948
0.056094
0.0562082
0.0558456
0.055706
0.0561073
0.0562618
0.05637
0.05588
0.0560925
0.0560585
0.0560791
0.055624
0.0560977
0.0562328
0.0561272
0.0559672
0.0559631
0.0558007
0.0560376
0.0549674
0.0554412
0.0554046
0.0554728
0.0550164
0.0547659
0.0547629
0.0553374
0.056178
0.0561542
0.0556428
0.0556887
0.0559353
0.0558471
0.05611
0.0558703
0.0561611
0.056369
0.0564859
0.0565524
0.056096
0.0558118
0.056074
0.0557571
0.0559047
0.0563848
0.0562867
0.0562131
0.0560411
0.0556657
0.0562062
0.0557865
0.0560881
0.0566399
0.0566689
0.0567062
0.055857
0.0558043
0.0562379
0.0563498
0.0565324
0.0564893
0.0566257
0.0567236
0.0562332
0.0561569
0.0560883
0.05561
0.0553657
0.055806
0.0564756
0.0564007
0.0567173
0.0567176
0.0559764
0.0557881
0.0550574
0.0554324
0.0559106
0.055978
0.0561216
0.0563349
0.0561817
0.0559116
0.0555177
0.055467
0.0560044
0.0557831
0.0560254
0.0560093
0.0554951
0.0553968
0.0561663
0.0556184
0.055905
0.0558475
0.0564582
0.0561313
0.0559687
0.0555869
0.0559649
0.055909
0.05604
0.0559166
0.0559432
0.0556276
0.0561201
0.0558291
0.0558345
0.0555841
0.0559259
0.055618
0.0558793
0.0556773
0.0560586
0.0559975
0.0566756
0.0561521
0.0556468
0.0561788
0.0561995
0.0566373
0.0566689
0.0561031
0.0563281
0.0558706
0.0556967
0.0555736
0.055634
0.0559297
0.0556719
0.0558327
0.055949
0.0558761
0.0555624
0.0562251
0.0558801
0.0552696
0.0552074
0.0552372
0.0557706
0.0557685
0.0555171
0.055814
0.0557723
0.0554549
0.0553282
0.0555072
0.0562084
0.0557407
0.055813
0.0560609
0.0556059
0.0556524
0.0558747
0.0553622
0.0546478
0.05529
0.0555105
0.0566936
0.0558303
0.0554624
0.0549477
0.0551015
0.0558089
0.0560022
0.0563871
0.0561287
0.0553969
0.0555943
0.0557459
0.0560367
0.0552421
0.0549722
0.055038
0.05514
0.0553438
0.0549792
0.0551712
0.0558606
0.0560157
0.0561
0.0560648
0.0566075
0.0563593
0.0559038
0.0561386
0.056004
0.0555996
0.0554884
0.0557906
0.0553937
0.0557188
0.0555517
0.0553128
0.0552152
0.055474
0.0558204
0.0556644
0.055472
0.0554095
0.0559893
0.0555984
0.0557885
0.0557031
0.0554173
0.055733
0.056249
0.0562982
0.0564205
0.0556378
0.0559915
0.0557287
0.0561063
0.0561762
0.0560487
0.0561069
0.0555872
0.0565139
0.0564294
0.0563847
0.0565381
0.0559623
0.0556574
0.0557677
0.0559434
0.0563066
0.0563145
0.0562123
0.0562635
0.05668
0.0566644
0.055857
0.0565793
0.0564018
0.0557016
0.0563328
0.0562058
0.0560797
0.0563148
0.0562966
0.0569021
0.0559938
0.055671
0.0564069
0.0564371
0.0570455
0.0568697
0.0570358
0.0566682
0.0566896
0.0564968
0.0564909
0.056776
0.0564477
0.0568436
0.0566565
0.0567957
0.0565622
0.0567396
0.0565352
0.0563696
0.0561063
0.0562591
0.0562998
0.0559873
0.0561352
0.0562743
0.0564287
0.0560856
0.0557241
0.0562312
0.0561515
0.0561095
0.055878
0.0555672
0.0556795
0.056593
0.0558685
0.0558874
0.0556089
0.0558505
0.0558352
0.0557807
0.0560121
0.0564687
0.0562576
0.0562833
0.0560589
0.0555266
0.0557346
0.0564959
0.0563969
0.0561856
0.0563255
0.0563905
0.0566614
0.0558109
0.0559203
0.0556252
0.0559521
0.0557079
0.0552197
0.0552954
0.0556463
0.0553066
0.0559848
0.0562311
0.0555776
0.0559496
0.0563506
0.05649
0.0564053
0.0563122
0.0559143
0.0559431
0.0552488
0.0553379
0.0556443
0.0561788
0.0559592
0.0557212
0.0558382
0.0558185
0.0558001
0.0558902
0.0563292
0.0558205
0.0552637
0.0554566
0.0562037
0.0558391
0.0565014
0.056077
0.0561007
0.0561991
0.0563951
0.0566076
0.0569671
0.0568117
0.0570018
0.0566665
0.0559617
0.0563743
0.055896
0.056117
0.0559416
0.0554168
0.0559057
0.0563367
0.0570019
0.0565476
0.056129
0.0561547
0.0570214
0.0563937
0.0567083
0.0564723
0.056353
0.056812
0.0565386
0.0561709
0.0559983
0.0561638
0.0558051
0.0558674
0.0565734
0.0561026
0.0562915
0.0564135
0.0567147
0.05661
0.0563357
0.0562726
0.0559903
0.056328
0.0563295
0.056421
0.0562095
0.0558836
0.0563901
0.0569425
0.0563591
0.0567098
0.0563133
0.0560212
0.0559966
0.0564017
0.0566376
0.0566771
0.0567632
0.0564928
0.0558959
0.0559866
0.0558808
0.0564807
0.0560172
0.0560048
0.0562863
0.055593
0.0555452
0.0556707
0.0560245
0.0555839
0.0561441
0.0562951
0.0559823
0.0559512
0.0559587
0.0558264
0.0563468
0.0562384
0.0561708
0.0562162
0.0553651
0.0550967
0.0551275
0.0557258
0.0551785
0.0555729
0.0552763
0.0554485
0.0547804
0.0552576
0.0550308
0.0556323
0.0556028
0.0558018
0.0560585
0.0563896
0.0557437
0.0558311
0.0561971
0.0561834
0.0560621
0.0559097
0.0561861
0.0564019
0.0558574
0.055385
0.0558867
0.0556101
0.0552169
0.0555256
0.0558041
0.055316
0.0560014
0.0555984
0.0555504
0.0559193
0.0558193
0.0562948
0.0562401
0.055922
0.0562674
0.0562855
0.0561682
0.0554147
0.0556059
0.0560504
0.0562757
0.0567705
0.0571034
0.0566779
0.0561073
0.0563773
0.0565725
0.0561459
0.0564375
0.0563822
0.0562672
0.0559842
0.0560821
0.0560838
0.0554771
0.0565385
0.0562673
0.0567822
0.0560749
0.0559428
0.0559582
0.0557045
0.0553109
0.056098
0.0554351
0.0557856
0.0555879
0.0561028
0.0557469
0.0558387
0.0558986
0.0554507
0.0557965
0.0554065
0.0558521
0.0557123
0.0557822
0.0556691
0.0561323
0.0560933
0.0565979
0.0563626
0.0559111
0.0553264
0.0554134
0.0553367
0.0555711
0.0557492
0.0555161
0.0560009
0.0559028
0.056125
0.0554955
0.0559232
0.0560412
0.0557165
0.0555888
0.05562
0.0555847
0.0552659
0.0554055
0.0559409
0.0555957
0.0551639
0.0554771
0.0560113
0.0563352
0.0563331
0.0562941
0.0556538
0.0551795
0.0556031
0.0558166
0.056157
0.0554201
0.0553443
0.0557505
0.0559671
0.0557939
0.0565308
0.0559613
0.0568521
0.0566494
0.0560724
0.0561039
0.0555673
0.055347
0.0554289
0.0555559
0.0554751
0.0556344
0.0553771
0.0552688
0.055468
0.0559245
0.0560935
0.0556981
0.0556618
0.0554484
0.0554082
0.0557121
0.0561377
0.0563304
0.0558049
0.0560091
0.0559121
0.0559051
0.0550685
0.0556912
0.0556792
0.0557127
0.0560745
0.0553384
0.055328
0.0555176
0.0556896
0.0556829
0.0559251
0.0564397
0.0564148
0.0564753
0.0564012
0.0571049
0.0574313
0.05687
0.0567304
0.0568416
0.0561042
0.0565965
0.0563513
0.0561454
0.0563907
0.056213
0.0567684
0.0564694
0.0561377
0.0568666
0.0563222
0.0567543
0.0559821
0.0558
0.0560804
0.0560509
0.0558873
0.0555088
0.0561805
0.0565485
0.0559685
0.0561453
0.055909
0.0562214
0.0559946
0.0558268
0.0558785
0.0559344
0.0555119
0.0559586
0.0564004
0.0560127
0.0559913
0.0560999
0.0558183
0.0561538
0.0562909
0.055638
0.0558763
0.0558965
0.0565355
0.0562754
0.055951
0.0554101
0.0551429
0.0557524
0.0561726
0.0560685
0.0562301
0.0565698
0.0562468
0.0562196
0.0552858
0.055346
0.0552791
0.0554024
0.0556619
0.055713
0.055313
0.0551548
0.0557138
0.0561519
0.055572
0.0553161
0.0550631
0.0552799
0.0554873
0.0551188
0.0555827
0.0555562
0.0554182
0.0551554
0.0554314
0.0557843
0.0556026
0.0553065
0.0551837
0.0557744
0.0561939
0.0564438
0.056466
0.0560221
0.0547992
0.0556299
0.0557366
0.0558137
0.0559474
0.0555851
0.0556604
0.0556691
0.0558557
0.055321
0.0555381
0.0554936
0.0552419
0.0555675
0.0557252
0.0554609
0.0556574
0.0555046
0.05589
0.0561075
0.0554786
0.0557225
0.0559674
0.0558208
0.0560946
0.0560543
0.0560461
0.0558071
0.0556013
0.0556798
0.0553802
0.0558073
0.0553288
0.055459
0.0559571
0.0564928
0.0562539
0.0563595
0.0561382
0.0556545
0.0560271
0.0559503
0.0565117
0.055899
0.0556777
0.0557649
0.0560966
0.0563659
0.0560928
0.0560112
0.0557634
0.0559252
0.0553859
0.0556586
0.0560988
0.0559835
0.0557439
0.0560516
0.0558475
0.0557516
0.0560126
0.0557028
0.0551814
0.0556675
0.0564915
0.0560009
0.0553753
0.0553732
0.0562628
0.0565521
0.0565393
0.0563825
0.0557765
0.0560552
0.0567139
0.0557556
0.0562611
0.055753
0.056069
0.0555584
0.0559819
0.0556071
0.0557196
0.0559421
0.0560346
0.0563569
0.0561619
0.0563056
0.0559189
0.0559006
0.0553216
0.0557938
0.056411
0.0559323
0.0560217
0.0562656
0.0562087
0.05676
0.0564447
0.0559541
0.0557987
0.0559448
0.055911
0.0560503
0.0559086
0.0557755
0.0554994
0.0551778
0.0552282
0.0558133
0.0564133
0.0562551
0.056017
0.0565629
0.0563167
0.0560792
0.0557605
0.0556495
0.0561118
0.0555229
0.056348
0.0553604
0.055681
0.0559305
0.0558836
0.0561974
0.0559494
0.0556121
0.05605
0.0562797
0.0564214
0.0562019
0.056334
0.0565503
0.0567553
0.0561642
0.0565082
0.0556866
0.0557024
0.0555959
0.0560215
0.0559169
0.0556799
0.0559841
0.0560505
0.0566698
0.0558152
0.0554333
0.0559186
0.0564434
0.056239
0.0560072
0.0564735
0.0561213
0.0557255
0.0567047
0.0563235
0.0565041
0.056146
0.0563222
0.0564877
0.0564888
0.055899
0.0554757
0.0563791
0.0567976
0.056714
0.0566895
0.0562979
0.0558476
0.0560157
0.0556842
0.0558555
0.0561218
0.0562472
0.0557155
0.0559748
0.0563017
0.0563247
0.0553421
0.0554339
0.0562568
0.0561164
0.0560324
0.0560006
0.0556206
0.0558962
0.0555849
0.0551875
0.0559197
0.0555497
0.0552186
0.054777
0.0551251
0.0554201
0.0556564
0.0557047
0.0560996
0.0559164
0.0559415
0.0555824
0.0562927
0.0561712
0.055771
0.0557125
0.0557735
0.0555999
0.0554747
0.0558712
0.0552403
0.0551602
0.0554536
0.0554293
0.0550236
0.0550301
0.0555118
0.0560334
0.0564777
0.0563731
0.0559885
0.0558296
0.0556281
0.0560399
0.0559917
0.0563153
0.05627
0.056143
0.0564809
0.0567703
0.056949
0.0563044
0.0565034
0.0560229
0.0568272
0.0562488
0.0558197
0.0557878
0.0558386
0.0558488
0.0556533
0.055978
0.0558077
0.055802
0.0558465
0.0557755
0.0558379
0.0560089
0.0556684
0.05552
0.0555709
0.0557625
0.055598
0.0556452
0.0558507
0.0560541
0.0562939
0.0558753
0.0553345
0.0555431
0.0555671
0.0560917
0.0564867
0.0562963
0.0569368
0.0564508
0.0565232
0.0559786
0.0564278
0.0560268
0.0564342
0.0561914
0.0563996
0.0566219
0.0568492
0.0565925
0.0569063
0.0556115
0.0563991
0.0555064
0.0557922
0.055435
0.0560293
0.0557123
0.0560452
0.05625
0.0559641
0.0558373
0.0561454
0.0558542
0.0566055
0.0559947
0.055564
0.0554836
0.0559145
0.0556487
0.0554992
0.0559389
0.0560293
0.0556271
0.0559037
0.05609
0.0565092
0.0562081
0.056211
0.0558552
0.0560538
0.0562767
0.0560896
0.0558905
0.0560834
0.0556654
0.0554518
0.0554021
0.0563233
0.0555639
0.0555214
0.0564872
0.0562196
0.0562723
0.056503
0.0562361
0.0564768
0.0563121
0.0566808
0.0561682
0.0556954
0.0558462
0.0557536
0.0558904
0.0557171
0.0556338
0.0553642
0.0552366
0.0552567
0.0556174
0.0556417
0.0549494
0.0552884
0.0550664
0.0560611
0.056017
0.0558045
0.0559062
0.0559185
0.0557336
0.0557027
0.0558091
0.055989
0.0563483
0.056356
0.056433
0.0564629
0.0561048
0.0562273
0.0561354
0.0559536
0.0561885
0.0563534
0.0562807
0.0563817
0.0560759
0.0561762
0.0569201
0.0569674
0.0563818
0.0564858
0.0563422
0.0566888
0.0562427
0.0563128
0.0561265
0.0561876
0.0565729
0.0566509
0.0562655
0.0561021
0.0564734
0.0566919
0.0560436
0.0563164
0.0564652
0.0567157
0.0566841
0.056492
0.0561619
0.0557871
0.0558711
0.0561103
0.0562387
0.0563798
0.0562335
0.0564906
0.0561027
0.0557714
0.0564841
0.0564333
0.0566237
0.0570876
0.0566941
0.0569297
0.0565839
0.0569056
0.0559496
0.0561629
0.0557247
0.0555574
0.0564898
0.0562754
0.0561094
0.0559828
0.0560706
0.0561136
0.0560587
0.0566808
0.0566878
0.056281
0.056
0.0560625
0.05615
0.0562201
0.0565753
0.0565351
0.0560321
0.0559396
0.0563613
0.0562347
0.0569222
0.0564095
0.0560202
