0.874376
0.875736
0.862363
0.878154
0.865877
0.873833
0.865953
0.861915
0.884914
0.87256
0.870959
0.874733
0.889098
0.870002
0.870805
0.878987
0.889684
0.881117
0.891806
0.881901
0.875291
0.862064
0.871692
0.871521
0.867687
0.884626
0.881797
0.875206
0.869616
0.887881
0.877358
0.887877
0.871216
0.895728
0.872814
0.87221
0.867923
0.864944
0.862901
0.876958
0.875476
0.886392
0.874855
0.872382
0.886607
0.87373
0.873889
0.864846
0.881235
0.873027
0.871165
0.879278
0.869118
0.872201
0.868327
0.88297
0.885033
0.879755
0.881248
0.867892
0.87501
0.8659
0.868538
0.863089
0.881798
0.877531
0.876829
0.879983
0.861187
0.87912
0.871852
0.866036
0.873761
0.879976
0.880706
0.867552
0.866981
0.881271
0.885527
0.874005
0.870832
0.886627
0.888151
0.880524
0.876072
0.871374
0.874564
0.865313
0.874825
0.866817
0.871443
0.874116
0.870069
0.871211
0.875911
0.876081
0.863933
0.883168
0.864739
0.866223
0.884028
0.867528
0.879241
0.885352
0.879141
0.8691
0.872616
0.869791
0.879948
0.874896
0.864601
0.867362
0.874617
0.864498
0.874181
0.875128
0.880394
0.875026
0.874119
0.877098
0.877834
0.856363
0.875133
0.877803
0.877056
0.851093
0.871575
0.873769
0.871649
0.868422
0.873868
0.871796
0.874034
0.87173
0.877917
0.885817
0.861677
0.871574
0.863424
0.868022
0.858341
0.87993
0.86886
0.874638
0.875744
0.879552
0.869406
0.87227
0.861878
0.865617
0.879131
0.881935
0.879929
0.877767
0.884862
0.870488
0.86815
0.862492
0.86771
0.878175
0.864271
0.870715
0.866978
0.872184
0.883571
0.871249
0.876713
0.878368
0.874366
0.862803
0.88477
0.868076
0.886029
0.875192
0.893261
0.873673
0.869355
0.874511
0.86309
0.872305
0.875713
0.862978
0.880132
0.875115
0.86674
0.863906
0.863822
0.870514
0.86749
0.883907
0.872517
0.890245
0.87566
0.869313
0.864407
0.874481
0.865615
0.865658
0.879223
0.866911
0.881185
0.874502
0.871674
0.875307
0.875215
0.871875
0.881794
0.879749
0.878607
0.887381
0.881492
0.868146
0.887004
0.874276
0.874712
0.882143
0.870863
0.859822
0.876452
0.860137
0.880476
0.86627
0.861063
0.87756
0.866245
0.888224
0.868177
0.881693
0.873316
0.885382
0.879989
0.873836
0.862611
0.887809
0.868567
0.884574
0.877445
0.873408
0.871151
0.867692
0.87773
0.88018
0.884075
0.857677
0.879918
0.901103
0.869307
0.878805
0.8697
0.87244
0.877243
0.873842
0.870755
0.864766
0.886496
0.879708
0.858458
0.881151
0.869907
0.87009
0.876108
0.875409
0.868389
0.86815
0.882472
0.865173
0.889093
0.882655
0.869725
0.878651
0.875381
0.859489
0.872331
0.87374
0.868713
0.876
0.866037
0.87723
0.877496
0.870968
0.873683
0.864378
0.889652
0.864538
0.880276
0.87859
0.882398
0.865593
0.875957
0.869559
0.877043
0.878823
0.875862
0.875348
0.874673
0.876125
0.86599
0.876701
0.872037
0.871167
0.865414
0.877155
0.871964
0.869296
0.882353
0.880312
0.881207
0.876793
0.892894
0.869222
0.876397
0.868781
0.875189
0.879319
0.876671
0.878043
0.874012
0.865123
0.870992
0.877976
0.873983
0.866161
0.874461
0.861557
0.86134
0.877397
0.866735
0.868121
0.865122
0.873106
0.869064
0.865517
0.864317
0.886786
0.868073
0.881196
0.873139
0.875437
0.874356
0.867646
0.872829
0.863944
0.87692
0.864491
0.874936
0.860351
0.886248
0.877685
0.86398
0.868392
0.865278
0.888259
0.888267
0.888167
0.887385
0.87646
0.871521
0.872071
0.880305
0.869865
0.870561
0.876427
0.864846
0.886474
0.87204
0.892248
0.86442
0.879543
0.887956
0.864873
0.880263
0.871216
0.883991
0.870268
0.882387
0.880972
0.860146
0.864913
0.880852
0.869417
0.870963
0.86994
0.861942
0.878867
0.884957
0.878407
0.884859
0.866536
0.882198
0.86006
0.883428
0.878815
0.865308
0.876609
0.872935
0.876294
0.877589
0.88629
0.879987
0.864158
0.867394
0.871516
0.895169
0.873106
0.865167
0.874298
0.87928
0.880745
0.876291
0.864173
0.859657
0.865993
0.880727
0.876755
0.874593
0.869469
0.886975
0.875436
0.861895
0.872682
0.890554
0.872114
0.877268
0.878068
0.874749
0.873943
0.872774
0.86784
0.876285
0.880052
0.868472
0.864717
0.85613
0.876373
0.873022
0.880586
0.886971
0.86576
0.881466
0.881216
0.867378
0.882768
0.871342
0.865148
0.874271
0.877571
0.882285
0.87221
0.874933
0.867785
0.861438
0.867282
0.880389
0.875447
0.870016
0.872745
0.878542
0.883759
0.86304
0.87068
0.873308
0.878907
0.882048
0.885969
0.867066
0.87552
0.880562
0.866455
0.877235
0.875493
0.86645
0.870497
0.873639
0.874561
0.876899
0.860217
0.876813
0.879941
0.877551
0.864108
0.865915
0.880037
0.843846
0.865526
0.870733
0.869293
0.882282
0.860826
0.884006
0.870483
0.855878
0.879303
0.863863
0.874623
0.879013
0.872406
0.867643


