0.0316724
0.0513736
0.069123
0.0798512
0.0890009
0.0964664
0.104435
0.110653
0.116979
0.122503
0.124647
0.128581
0.132312
0.134692
0.134644
0.136424
0.13857
0.142222
0.14685
0.147448
0.149852
0.151186
0.151557
0.153776
0.154886
0.157461
0.158365
0.159848
0.160889
0.160913
0.161713
0.164985
0.164877
0.165512
0.164828
0.165827
0.166208
0.166581
0.16725
0.168179
0.167071
0.169073
0.171902
0.171284
0.172712
0.172158
0.175591
0.176879
0.176204
0.172835
0.171821
0.174999
0.173812
0.174026
0.173867
0.174415
0.173627
0.175285
0.173225
0.173524
0.17339
0.174927
0.175453
0.176879
0.177225
0.176948
0.177363
0.179455
0.180837
0.182751
0.181415
0.180816
0.182504
0.181458
0.181079
0.179927
0.179307
0.180958
0.184167
0.184541
0.187296
0.186325
0.186803
0.185744
0.18475
0.181881
0.184336
0.185926
0.185618
0.182901
0.181954
0.18302
0.184014
0.182884
0.183935
0.184982
0.184043
0.183263
0.184326
0.184737
0.184572
0.184053
0.182727
0.182327
0.182061
0.181672
0.183098
0.183164
0.184995
0.186766
0.185903
0.187157
0.185974
0.186005
0.184853
0.185308
0.186482
0.187485
0.188101
0.187672
0.190147
0.192875
0.19274
0.192729
0.195311
0.195801
0.194706
0.195756
0.194834
0.194233
0.19136
0.192664
0.190984
0.1919
0.190828
0.190741
0.190836
0.191748
0.192983
0.194414
0.196905
0.199197
0.199476
0.198446
0.198597
0.198918
0.19666
0.198486
0.196707
0.197439
0.197271
0.198039
0.197875
0.199497
0.199959
0.200266
0.199358
0.199316
0.198384
0.200727
0.204962
0.202971
0.202739
0.201819
0.200833
0.200617
0.20063
0.199714
0.199221
0.198942
0.201793
0.201936
0.201294
0.201452
0.19902
0.200554
0.20058
0.199647
0.200283
0.199621
0.199835
0.198959
0.199836
0.198501
0.197923
0.199839
0.199116
0.19967
0.197807
0.198718
0.199248
0.197193
0.195976
0.196233
0.194989
0.194841
0.195713
0.195738
0.193574
0.194623
0.193917
0.195991
0.195601
0.196386
0.195671
0.197001
0.197343
0.197687
0.199834
0.198382
0.198768
0.199479
0.197968
0.197432
0.194713
0.193931
0.194163
0.192836
0.194419
0.195469
0.195498
0.193924
0.194697
0.194503
0.193832
0.196498
0.196203
0.195036
0.195207
0.195513
0.196665
0.196842
0.196204
0.197573
0.19928
0.198377
0.198958
0.201833
0.200223
0.200643
0.198804
0.19739
0.198273
0.197236
0.199563
0.197541
0.198901
0.197284
0.198241
0.196495
0.19582
0.195078
0.197712
0.196414
0.198104
0.19915
0.200484
0.200316
0.199292
0.200724
0.201107
0.199181
0.199622
0.199974
0.20124
0.201396
0.199705
0.201104
0.201359
0.202657
0.201304
0.202574
0.199868
0.198996
0.200584
0.201839
0.201917
0.202373
0.202205
0.20025
0.200081
0.201437
0.20202
0.201306
0.201873
0.202207
0.201562
0.198399
0.198197
0.197163
0.198136
0.197407
0.200328
0.199648
0.202381
0.202138
0.203502
0.20346
0.203356
0.201832
0.200753
0.202792
0.202407
0.202226
0.204017
0.202991
0.203695
0.203005
0.203644
0.204661
0.201972
0.202407
0.200329
0.200212
0.200169
0.202215
0.202151
0.202005
0.201919
0.201935
0.202384
0.203846
0.203649
0.204064
0.20409
0.203568
0.202482
0.203369
0.203407
0.202741
0.203534
0.202678
0.202906
0.204733
0.202853
0.202542
0.204177
0.204891
0.203416
0.202413
0.202581
0.201254
0.201239
0.199468
0.198901
0.198973
0.200258
0.202808
0.200772
0.203126
0.201998
0.20317
0.203511
0.203528
0.203828
0.205065
0.204115
0.202232
0.201101
0.202421
0.201712
0.200664
0.200275
0.200217
0.198994
0.198208
0.198867
0.198408
0.199012
0.199784
0.201768
0.202072
0.201719
0.20281
0.204895
0.205977
0.205057
0.20262
0.200989
0.201036
0.201613
0.204822
0.206404
0.205776
0.205352
0.204258
0.205381
0.20599
0.209849
0.20908
0.208405
0.204436
0.206189
0.204241
0.20249
0.203102
0.203417
0.203363
0.204012
0.203422
0.204691
0.202115
0.203306
0.20487
0.202273
0.202742
0.202297
0.202962
0.203847
0.205826
0.204161
0.207326
0.206841
0.207197
0.20605
0.205326
0.203592
0.204032
0.204165
0.204121
0.205029
0.206629
0.206446
0.205355
0.206181
0.204727
0.204126
0.204315
0.202617
0.203095
0.203043
0.203049
0.205144
0.203362
0.20486
0.204081
0.203694
0.202034
0.204481
0.205126
0.206702
0.207234
0.208249
0.210349
0.208947
0.207434
0.20882
0.210373
0.210319
0.209101
0.21006
0.209193
0.211078
0.210273
0.207802
0.207369
0.206754
0.205233
0.205228
0.20494
0.204033
0.205048
0.206137
0.203998
0.205355
0.204658
0.205651
0.206762
0.207771
0.205277
0.205048
0.208192
0.208653
0.205956
0.205747
0.207515
0.207068
0.205742
0.201912
0.202803
0.200237
0.202058
0.203286
0.207525
0.206229
0.205546
0.20685
0.204608
0.207869
0.206337
0.206089
0.207772
0.209012
0.208495
0.209563
0.207237
0.210292
0.207732
0.206674
0.209465
0.207649
0.206489
0.207445
0.206896
0.208943
0.210451
0.209787
0.211022
0.210805
0.209813
0.208368
0.209655
0.208905
0.207525
0.206888
0.208299
0.206007
0.206566
0.206661
0.207052
0.207483
0.206977
0.209387
0.212284
0.211747
0.211475
0.211218
0.209442
0.20903
0.210146
0.208674
0.208761
0.209512
0.207299
0.206317
0.207394
0.20751
0.205924
0.205582
0.205947
0.203767
0.205036
0.206562
0.204485
0.205031
0.203366
0.203479
0.204671
0.203476
0.202826
0.203283
0.204281
0.204923
0.206296
0.206022
0.206017
0.207259
0.206271
0.20668
0.205212
0.202829
0.203905
0.206179
0.207336
0.206447
0.208164
0.207168
0.206851
0.207742
0.205913
0.204522
0.207796
0.21059
0.208721
0.209024
0.207336
0.210725
0.2092
0.209349
0.209426
0.209106
0.208822
0.208584
0.208875
0.209341
0.208774
0.207526
0.209215
0.208538
0.210087
0.206767
0.20418
0.205792
0.207374
0.206909
0.206505
0.205469
0.206684
0.205454
0.208308
0.20906
0.211757
0.209661
0.209614
0.210614
0.210681
0.210328
0.212176
0.211166
0.209814
0.210187
0.207204
0.208571
0.209599
0.209399
0.20931
0.207943
0.207493
0.207744
0.207606
0.20811
0.20983
0.209172
0.207949
0.208326
0.207721
0.208415
0.211135
0.211371
0.211261
0.210469
0.208805
0.208392
0.206247
0.2074
0.208782
0.21054
0.211558
0.211614
0.211706
0.208161
0.208966
0.20657
0.208279
0.206304
0.204385
0.204913
0.205715
0.206828
0.207735
0.209324
0.210077
0.20923
0.207544
0.208019
0.207134
0.207795
0.207159
0.205712
0.207176
0.207101
0.208058
0.207726
0.209809
0.208034
0.20974
0.210346
0.209031
0.209715
0.209096
0.209214
0.210726
0.211555
0.212332
0.211453
0.211181
0.208784
0.20747
0.207192
0.206553
0.207664
0.207579
0.208246
0.208678
0.206993
0.206635
0.206904
0.209075
0.210365
0.211769
0.210782
0.210298
0.209824
0.210304
0.207392
0.208067
0.208181
0.208913
0.208892
0.209947
0.209447
0.209882
0.209647
0.208378
0.208926
0.210635
0.207753
0.207661
0.207789
0.209239
0.20992
0.208515
0.206452
0.205831
0.206958
0.207191
0.206248
0.207166
0.209826
0.210973
0.210342
0.209424
0.208823
0.208524
0.207382
0.208385
0.207229
0.206027
0.207403
0.206931
0.208212
0.209698
0.210611
0.210541
0.210006
0.211303
0.209774
0.211685
0.213607
0.21136
0.210504
0.209879
0.210013
0.20854
0.208751
0.210075
0.209314
0.210012
0.20753
0.207773
0.209682
0.208573
0.208839
0.208717
0.208135
0.208571
0.210342
0.211318
0.211391
0.211235
0.211169
0.210077
0.210531
0.210764
0.209661
0.208705
0.207814
0.206593
0.204931
0.20458
0.208476
0.205623
0.2077
0.208382
0.207734
0.208883
0.205551
0.206552
0.206169
0.207319
0.210065
0.211203
0.210008
0.210748
0.212556
0.212665
0.212774
0.211777
0.210651
0.210182
0.21123
0.213842
0.211889
0.212352
0.213551
0.211607
0.211902
0.212368
0.212158
0.213864
0.213716
0.213764
0.213936
0.216497
0.218665
0.218771
0.21674
0.216623
0.214205
0.216959
0.216725
0.218152
0.217396
0.218096
0.217844
0.217571
0.215537
0.212924
0.209414
0.208893
0.211816
0.212584
0.214985
0.214795
0.213364
0.213405
0.213768
0.211979
0.211551
0.211955
0.211228
0.211358
0.210974
0.212081
0.211242
0.213179
0.212041
0.213527
0.212751
0.212333
0.211981
0.211149
0.210975
0.213384
0.215247
0.216671
0.214968
0.215999
0.218279
0.217269
0.21666
0.216501
0.21661
0.218177
0.218369
0.218309
0.218342
0.2191
0.220046
0.220801
0.218484
0.218413
0.21879
0.218912
0.218013
0.219467
0.217637
0.21746
0.218967
0.218799
0.217655
0.216985
0.217346
0.21906
0.216862
0.215436
0.21663
0.217146
0.217665
0.217573
0.216978
0.215014
0.213791
0.213892
0.214603
0.213249
0.212151
0.212489
0.209749
0.21017
0.21102
0.210311
0.209676
0.213562
0.214256
0.213558
0.214751
0.214782
0.212298
0.213344
0.21236
0.213688
0.212985
0.212022
0.209882
0.208709
0.209846
0.208563
0.209449
0.20849
0.208687
0.209189
0.210497
0.211651
0.210359
0.209568
0.2107
0.20932
0.212141
0.210379
0.207974
0.207976
0.207595
0.209597
0.209567
0.210763
0.210191
0.212269
0.213994
0.214398
0.215001
0.214931
0.215447
0.214805
0.212881
0.214222
0.213509
0.211962
0.211374
0.211222
0.211631
0.212015
0.212971
0.211746
0.210249
0.210994
0.211424
0.210649
0.207646
0.207428
0.21033
0.211882
0.211785
0.211997
0.21256
0.210952
0.210772
0.211371
0.209957
0.209863
0.212176
0.213064
0.215172
0.214027
0.214539
0.214677
0.21073
0.210641
0.211524
0.212659
0.21421
0.214333
0.212523
0.21346
0.212978
0.213835
0.216405
0.215427
0.212714
0.212616
0.213451
0.21276
0.212361
0.213558
0.212506
0.211412
0.210612
0.210363
0.214252
0.21278
0.210458
0.210592
0.210919
0.21036
0.210884
0.212106
0.212577
0.211356
0.214178
0.213367


