0.350735
0.34144
0.34461
0.343882
0.348641
0.345553
0.351835
0.350188
0.352143
0.348775
0.349839
0.352706
0.361596
0.35168
0.344852
0.347088
0.354466
0.350134
0.357169
0.350368
0.348907
0.357827
0.357653
0.353928
0.353821
0.351102
0.352854
0.355255
0.355336
0.354876
0.367054
0.357097
0.350669
0.353957
0.354035
0.34709
0.349655
0.344495
0.354221
0.359145
0.355822
0.357772
0.345218
0.361878
0.360486
0.346275
0.354229
0.352325
0.349421
0.346091
0.351098
0.356253
0.35367
0.350918
0.348357
0.355244
0.355778
0.357125
0.346957
0.343069
0.345172
0.349485
0.352981
0.354354
0.352739
0.353344
0.349045
0.353034
0.344241
0.34884
0.35016
0.343659
0.349215
0.354137
0.354493
0.351104
0.355165
0.35953
0.345362
0.348853
0.344032
0.35247
0.356679
0.354606
0.349264
0.352887
0.363489
0.349053
0.354998
0.358196
0.357434
0.358917
0.337206
0.340334
0.351651
0.347707
0.346506
0.363175
0.348194
0.346837
0.347839
0.354875
0.34111
0.347587
0.349923
0.352437
0.353223
0.35211
0.362575
0.343451
0.356006
0.344063
0.343048
0.35081
0.347912
0.351156
0.345408
0.354423
0.356666
0.349865
0.34711
0.353484
0.354859
0.355139
0.350731
0.35153
0.347954
0.34412
0.350304
0.361627
0.346592
0.345616
0.358858
0.347838
0.348721
0.351186
0.346875
0.350333
0.344541
0.35211
0.353234
0.345936
0.354695
0.352474
0.357351
0.351113
0.350026
0.356496
0.350149
0.346429
0.351953
0.348821
0.340672
0.347297
0.352544
0.346833
0.350694
0.364443
0.352109
0.352373
0.354157
0.354058
0.34504
0.35125
0.355588
0.355048
0.351801
0.349218
0.349703
0.355899
0.356499
0.354737
0.352151
0.355799
0.349856
0.352049
0.350784
0.347248
0.347568
0.345269
0.352264
0.349123
0.348087
0.35092
0.347907
0.352682
0.345229
0.35816
0.351176
0.349996
0.345437
0.360106
0.367036
0.354183
0.347099
0.347852
0.350465
0.350247
0.353552
0.351832
0.340909
0.342108
0.352206
0.36235
0.344347
0.352067
0.358898
0.358662
0.353185
0.353291
0.35822
0.354134
0.344389
0.354246
0.352233
0.351125
0.348664
0.354389
0.346398
0.357778
0.354633
0.348503
0.35688
0.345288
0.343956
0.352738
0.343965
0.353585
0.353448
0.349428
0.351617
0.349454
0.356026
0.354465
0.344315
0.352914
0.350076
0.343594
0.350287
0.356327
0.338481
0.352877
0.352557
0.350051
0.356953
0.352235
0.345053
0.353061
0.353793
0.354507
0.34862
0.350024
0.355534
0.346328
0.345792
0.349465
0.346698
0.346987
0.344121
0.363624
0.353001
0.36226
0.347495
0.36072
0.36946
0.351804
0.354851
0.345042
0.353315
0.344905
0.351582
0.350363
0.355572
0.34883
0.354987
0.356322
0.351904
0.347212
0.356731
0.347636
0.340231
0.351505
0.355088
0.353258
0.350314
0.35748
0.349485
0.350786
0.353893
0.353898
0.34625
0.350368
0.349754
0.356045
0.357601
0.348295
0.356001
0.354353
0.35069
0.353358
0.344238
0.350806
0.34971
0.347803
0.343563
0.358192
0.352314
0.356582
0.353406
0.3514
0.353932
0.348722
0.353072
0.345706
0.35061
0.350636
0.349142
0.346471
0.343339
0.360233
0.352627
0.349747
0.36008
0.348895
0.353663
0.346644
0.349067
0.365468
0.352412
0.347201
0.352647
0.353653
0.344693
0.343066
0.359351
0.353875
0.342582
0.353934
0.358698
0.35168
0.346892
0.351722
0.345349
0.351294
0.349773
0.355513
0.346733
0.353413
0.354465
0.352867
0.348888
0.350515
0.351121
0.354475
0.35434
0.350478
0.348309
0.354165
0.354655
0.342504
0.355227
0.355498
0.350965
0.348437
0.346145
0.365886
0.354012
0.356795
0.349285
0.349618
0.350698
0.354566
0.34526
0.353492
0.347587
0.354155
0.349278
0.352003
0.349477
0.351813
0.34855
0.349729
0.344294
0.347171
0.358838
0.355137
0.355983
0.351699
0.34403
0.35119
0.348438
0.351281
0.351725
0.354905
0.346344
0.355208
0.342604
0.346718
0.347037
0.346241
0.352559
0.350723
0.350697
0.358647
0.345899
0.349515
0.352538
0.357497
0.350505
0.346919
0.349729
0.351658
0.356323
0.349123
0.355946
0.356642
0.354843
0.353908
0.346369
0.358803
0.346455
0.351963
0.351359
0.354615
0.352185
0.362912
0.356031
0.353229
0.356203
0.357401
0.347292
0.356635
0.347693
0.356287
0.354842
0.345602
0.347947
0.343006
0.349383
0.357243
0.349345
0.354051
0.349092
0.346637
0.341611
0.35466
0.353416
0.355303
0.348005
0.35742
0.351194
0.354223
0.341442
0.352963
0.352519
0.355807
0.3538
0.345031
0.356677
0.348449
0.361048
0.344805
0.34908
0.348636
0.359353
0.344304
0.345662
0.352715
0.346723
0.356222
0.350875
0.357211
0.349575
0.352623
0.346791
0.347309
0.350371
0.352811
0.350801
0.334634
0.354839
0.346204
0.349373
0.350928
0.352094
0.343145
0.357469
0.346797
0.358882
0.354565
0.35333
0.351424
0.354789
0.348312
0.346803
0.350421
0.345924


