0.561678
0.554417
0.546977
0.551713
0.540717
0.544525
0.541883
0.554706
0.550749
0.555266
0.563949
0.550549
0.559198
0.563806
0.553007
0.540203
0.551729
0.548481
0.554124
0.555171
0.550372
0.559511
0.540214
0.548685
0.563618
0.559
0.560546
0.539878
0.553131
0.547205
0.5552
0.558758
0.546921
0.56003
0.542262
0.561824
0.551324
0.546442
0.547613
0.544193
0.546381
0.557603
0.551562
0.558653
0.547902
0.548055
0.560542
0.552843
0.549141
0.542719
0.554213
0.553032
0.554434
0.557837
0.548579
0.554743
0.545081
0.551918
0.548784
0.540381
0.547498
0.549939
0.548869
0.548515
0.558735
0.550024
0.54822
0.555501
0.54105
0.550938
0.551827
0.540229
0.545723
0.5559
0.554759
0.553908
0.554993
0.564606
0.551709
0.555523
0.555073
0.551156
0.549286
0.551856
0.559865
0.551273
0.554608
0.546931
0.54899
0.547992
0.551942
0.559411
0.544396
0.54619
0.567071
0.546211
0.551007
0.549042
0.560834
0.540305
0.538592
0.547716
0.551798
0.555396
0.556858
0.553628
0.552847
0.551612
0.54403
0.548598
0.569988
0.549796
0.547489
0.547481
0.544518
0.539669
0.544945
0.549455
0.551613
0.554834
0.545313
0.546103
0.551392
0.550383
0.558639
0.549925
0.54189
0.542232
0.546834
0.561109
0.542715
0.540898
0.561435
0.553536
0.55152
0.549372
0.550487
0.554782
0.545656
0.552735
0.558338
0.545735
0.552736
0.553089
0.563537
0.555539
0.560161
0.550814
0.565511
0.545698
0.551571
0.554997
0.538518
0.543693
0.55532
0.541216
0.547326
0.560258
0.549446
0.550982
0.555037
0.55526
0.545314
0.555041
0.552653
0.561105
0.550941
0.562168
0.554796
0.558581
0.554723
0.55849
0.556869
0.557966
0.55527
0.549273
0.55001
0.554244
0.550781
0.545275
0.552345
0.542895
0.558929
0.562006
0.552966
0.54411
0.550038
0.563882
0.559785
0.568901
0.548346
0.574115
0.560803
0.550438
0.561912
0.54608
0.544354
0.548464
0.542267
0.552186
0.554831
0.555969
0.545022
0.557255
0.553209
0.553703
0.552672
0.568263
0.55688
0.554233
0.559717
0.552734
0.548883
0.550579
0.559801
0.554141
0.547038
0.545799
0.541991
0.557558
0.564523
0.549745
0.556901
0.553007
0.553138
0.547129
0.561242
0.552588
0.550334
0.549194
0.556871
0.560419
0.554195
0.556012
0.551226
0.547793
0.549384
0.538857
0.547007
0.555328
0.551877
0.552203
0.564241
0.546284
0.552779
0.554132
0.545594
0.559691
0.546369
0.539526
0.55715
0.545125
0.567914
0.550824
0.556329
0.544537
0.56273
0.542549
0.55334
0.556611
0.562893
0.557985
0.541965
0.552823
0.553759
0.554201
0.554384
0.555549
0.553804
0.558072
0.54274
0.548594
0.553886
0.558916
0.560925
0.564736
0.553046
0.564935
0.554334
0.541641
0.551911
0.552478
0.555256
0.563197
0.558166
0.558338
0.553847
0.549767
0.556671
0.546549
0.542291
0.564813
0.556868
0.554864
0.552092
0.549026
0.56652
0.56101
0.54984
0.546797
0.540849
0.561782
0.561396
0.553029
0.542549
0.555246
0.555246
0.556466
0.55297
0.553078
0.54579
0.546681
0.552922
0.551182
0.549563
0.567736
0.54634
0.547162
0.542955
0.550217
0.5579
0.555754
0.553438
0.55127
0.551694
0.553249
0.553129
0.559661
0.549503
0.548652
0.549336
0.550732
0.552941
0.562323
0.542118
0.569631
0.550491
0.557843
0.550294
0.552474
0.540634
0.544835
0.543941
0.547673
0.5503
0.548835
0.559302
0.554936
0.564992
0.555915
0.543425
0.547946
0.568686
0.544219
0.555557
0.552251
0.543734
0.543985
0.562713
0.544432
0.559859
0.557603
0.554132
0.553924
0.544699
0.562576
0.554914
0.551891
0.558996
0.550237
0.55273
0.558404
0.553318
0.560573
0.561433
0.554906
0.548033
0.543747
0.551711
0.539723
0.558048
0.547517
0.546869
0.553441
0.554972
0.545781
0.553566
0.548562
0.544561
0.552711
0.55229
0.557192
0.55364
0.549342
0.560195
0.559032
0.551009
0.549431
0.55491
0.56234
0.557216
0.554729
0.563815
0.563744
0.543104
0.539362
0.552804
0.556844
0.548611
0.547045
0.555369
0.540979
0.555731
0.552872
0.550401
0.548619
0.560584
0.560908
0.547466
0.552396
0.547845
0.54624
0.554763
0.550844
0.556544
0.556225
0.558962
0.557054
0.561393
0.557359
0.540447
0.550622
0.554614
0.548101
0.556162
0.563842
0.552212
0.557868
0.549696
0.560622
0.557452
0.555359
0.556846
0.546861
0.559822
0.549879
0.55276
0.548561
0.540547
0.558859
0.555871
0.556889
0.554606
0.549906
0.551845
0.551609
0.550215
0.554759
0.547951
0.547981
0.551052
0.535922
0.558236
0.560909
0.553916
0.550134
0.542623
0.557767
0.549491
0.558688
0.549571
0.560192
0.551274
0.556847
0.548009
0.553349
0.535344
0.559748
0.549603
0.547498
0.548463
0.553159
0.55332
0.549825
0.545573
0.539866
0.555253
0.541791
0.550127
0.555344
0.547409
0.563816
0.557039
0.556918
0.558652
0.537568
0.554417


