0.431387
0.439418
0.434783
0.442913
0.444394
0.452269
0.452893
0.437798
0.449551
0.445221
0.446752
0.436071
0.449136
0.459945
0.429463
0.4395
0.451198
0.442648
0.439835
0.437499
0.437653
0.438401
0.450502
0.455828
0.447946
0.440681
0.449137
0.440489
0.46019
0.441362
0.451085
0.454351
0.451491
0.455195
0.43893
0.442725
0.442426
0.444064
0.464922
0.433862
0.450218
0.440224
0.439887
0.460331
0.446002
0.454678
0.442699
0.443543
0.446524
0.441792
0.442198
0.423741
0.435498
0.448718
0.453184
0.446328
0.43988
0.442274
0.452419
0.446742
0.446252
0.439907
0.438722
0.455463
0.434398
0.444156
0.450077
0.446979
0.449753
0.442431
0.452791
0.446365
0.453969
0.429077
0.452671
0.450886
0.455805
0.445518
0.445988
0.443761
0.44292
0.451749
0.44374
0.443661
0.445402
0.450057
0.444992
0.443663
0.443902
0.442201
0.437828
0.452429
0.446344
0.438579
0.442094
0.43672
0.443992
0.445943
0.450609
0.444476
0.450626
0.446676
0.447718
0.429405
0.442461
0.44743
0.443637
0.446863
0.44101
0.443585
0.444245
0.439729
0.444695
0.443352
0.444166
0.440045
0.461425
0.455681
0.448341
0.453353
0.441014
0.452858
0.446421
0.446074
0.431838
0.447031
0.445646
0.441962
0.444619
0.448967
0.453733
0.440707
0.441878
0.450765
0.458938
0.450206
0.439632
0.441684
0.441114
0.456627
0.453532
0.446727
0.456982
0.447887
0.444567
0.439072
0.448981
0.441051
0.456937
0.447119
0.443586
0.446492
0.443512
0.445048
0.44601
0.449646
0.448776
0.45132
0.449764
0.458844
0.451396
0.449548
0.441244
0.435123
0.451382
0.452334
0.451443
0.44605
0.439932
0.442606
0.448449
0.442121
0.453166
0.453381
0.452437
0.453172
0.449795
0.4454
0.438568
0.449447
0.451224
0.452515
0.448835
0.443779
0.44722
0.451944
0.443463
0.45204
0.446966
0.447679
0.441162
0.43754
0.452469
0.444542
0.446208
0.450974
0.452375
0.449993
0.445485
0.4523
0.452702
0.441083
0.456199
0.458485
0.448218
0.447018
0.451988
0.452333
0.451948
0.441695
0.444962
0.442143
0.450636
0.455552
0.455027
0.443435
0.445217
0.442339
0.445872
0.44733
0.45173
0.433645
0.448846
0.437042
0.442374
0.447824
0.440199
0.447217
0.444292
0.448115
0.440191
0.462271
0.450458
0.436594
0.4475
0.449813
0.452807
0.440587
0.445618
0.460785
0.444847
0.448123
0.451886
0.451145
0.431319
0.457682
0.451058
0.453845
0.45278
0.456155
0.442697
0.447766
0.451444
0.444892
0.436505
0.454468
0.446348
0.443634
0.454167
0.456071
0.452531
0.448424
0.443267
0.451188
0.452316
0.454094
0.453322
0.450233
0.444001
0.436554
0.443601
0.442076
0.442481
0.454779
0.444296
0.45804
0.440702
0.444458
0.437473
0.443729
0.446683
0.450529
0.455256
0.451399
0.438539
0.448436
0.447629
0.446224
0.443726
0.434491
0.453485
0.439024
0.434773
0.457997
0.450533
0.44316
0.447748
0.441423
0.448266
0.434556
0.433266
0.453676
0.439823
0.447828
0.445447
0.438138
0.436952
0.443286
0.446877
0.447447
0.450833
0.456657
0.436953
0.45803
0.442319
0.446069
0.452326
0.445719
0.453113
0.445293
0.45063
0.445502
0.448314
0.44677
0.440606
0.449264
0.444282
0.454405
0.43632
0.441893
0.44977
0.43282
0.449739
0.447845
0.45371
0.440272
0.456623
0.445534
0.455415
0.447499
0.444897
0.43698
0.434641
0.450484
0.447603
0.445336
0.442139
0.446643
0.447236
0.445601
0.435751
0.436724
0.437782
0.450275
0.446379
0.44872
0.456872
0.451545
0.441674
0.444279
0.441456
0.449123
0.44741
0.446752
0.448578
0.453861
0.440647
0.446195
0.455327
0.436186
0.440252
0.45375
0.456728
0.446896
0.449604
0.45103
0.436632
0.436114
0.443359
0.443346
0.460802
0.459469
0.445001
0.44049
0.445348
0.458046
0.45093
0.442569
0.445759
0.450528
0.444279
0.44468
0.441882
0.443766
0.446155
0.450455
0.455094
0.443551
0.446893
0.440181
0.443869
0.442161
0.451829
0.443332
0.441213
0.444601
0.452225
0.44688
0.446597
0.444559
0.446916
0.439378
0.456963
0.451937
0.450512
0.446148
0.449265
0.442361
0.448122
0.44382
0.442813
0.44042
0.432727
0.452385
0.438525
0.457465
0.452555
0.439887
0.440254
0.449258
0.446323
0.452316
0.455317
0.442537
0.43826
0.44903
0.448686
0.440711
0.452844
0.443081
0.448199
0.448073
0.443096
0.446741
0.464013
0.443742
0.437482
0.443081
0.446645
0.435549
0.447321
0.449514
0.439155
0.451756
0.451795
0.467087
0.447984
0.449732
0.443082
0.442625
0.448211
0.460223
0.446419
0.441898
0.44718
0.434598
0.455957
0.445196
0.43938
0.440895
0.448716
0.442665
0.455736
0.438508
0.443733
0.443568
0.440363
0.455258
0.446168
0.442915
0.447485
0.454979
0.441259
0.432987
0.44958
0.460763
0.456843
0.453521
0.452751
0.443146
0.4469
0.458692
0.449637
0.449616
0.453495
0.433758
0.447883


