0.280839
0.277209
0.273489
0.275857
0.270359
0.272263
0.270942
0.277353
0.275374
0.277633
0.281975
0.275275
0.279599
0.281903
0.276504
0.270102
0.275865
0.27424
0.277062
0.277585
0.275186
0.279756
0.270107
0.274342
0.281809
0.2795
0.280273
0.269939
0.276566
0.273602
0.2776
0.279379
0.273461
0.280015
0.271131
0.280912
0.275662
0.273221
0.273807
0.272096
0.273191
0.278802
0.275781
0.279327
0.273951
0.274027
0.280271
0.276422
0.274571
0.271359
0.277107
0.276516
0.277217
0.278918
0.27429
0.277372
0.27254
0.275959
0.274392
0.27019
0.273749
0.27497
0.274434
0.274257
0.279367
0.275012
0.27411
0.277751
0.270525
0.275469
0.275914
0.270114
0.272862
0.27795
0.27738
0.276954
0.277496
0.282303
0.275855
0.277762
0.277536
0.275578
0.274643
0.275928
0.279933
0.275637
0.277304
0.273465
0.274495
0.273996
0.275971
0.279706
0.272198
0.273095
0.283535
0.273106
0.275503
0.274521
0.280417
0.270153
0.269296
0.273858
0.275899
0.277698
0.278429
0.276814
0.276423
0.275806
0.272015
0.274299
0.284994
0.274898
0.273744
0.27374
0.272259
0.269835
0.272473
0.274727
0.275807
0.277417
0.272656
0.273052
0.275696
0.275192
0.279319
0.274962
0.270945
0.271116
0.273417
0.280554
0.271358
0.270449
0.280718
0.276768
0.27576
0.274686
0.275243
0.277391
0.272828
0.276368
0.279169
0.272868
0.276368
0.276545
0.281768
0.277769
0.28008
0.275407
0.282755
0.272849
0.275786
0.277498
0.269259
0.271846
0.27766
0.270608
0.273663
0.280129
0.274723
0.275491
0.277518
0.27763
0.272657
0.277521
0.276326
0.280553
0.275471
0.281084
0.277398
0.279291
0.277361
0.279245
0.278434
0.278983
0.277635
0.274637
0.275005
0.277122
0.275391
0.272637
0.276173
0.271448
0.279464
0.281003
0.276483
0.272055
0.275019
0.281941
0.279893
0.284451
0.274173
0.287058
0.280401
0.275219
0.280956
0.27304
0.272177
0.274232
0.271133
0.276093
0.277415
0.277985
0.272511
0.278627
0.276605
0.276852
0.276336
0.284131
0.27844
0.277116
0.279858
0.276367
0.274442
0.275289
0.2799
0.277071
0.273519
0.2729
0.270995
0.278779
0.282262
0.274873
0.27845
0.276503
0.276569
0.273564
0.280621
0.276294
0.275167
0.274597
0.278435
0.28021
0.277098
0.278006
0.275613
0.273897
0.274692
0.269429
0.273504
0.277664
0.275939
0.276101
0.282121
0.273142
0.27639
0.277066
0.272797
0.279845
0.273185
0.269763
0.278575
0.272563
0.283957
0.275412
0.278165
0.272268
0.281365
0.271274
0.27667
0.278306
0.281446
0.278992
0.270982
0.276411
0.27688
0.2771
0.277192
0.277774
0.276902
0.279036
0.27137
0.274297
0.276943
0.279458
0.280463
0.282368
0.276523
0.282468
0.277167
0.27082
0.275956
0.276239
0.277628
0.281599
0.279083
0.279169
0.276924
0.274883
0.278335
0.273274
0.271146
0.282406
0.278434
0.277432
0.276046
0.274513
0.28326
0.280505
0.27492
0.273398
0.270424
0.280891
0.280698
0.276514
0.271274
0.277623
0.277623
0.278233
0.276485
0.276539
0.272895
0.27334
0.276461
0.275591
0.274781
0.283868
0.27317
0.273581
0.271478
0.275108
0.27895
0.277877
0.276719
0.275635
0.275847
0.276625
0.276564
0.27983
0.274752
0.274326
0.274668
0.275366
0.276471
0.281162
0.271059
0.284815
0.275246
0.278921
0.275147
0.276237
0.270317
0.272417
0.27197
0.273837
0.27515
0.274418
0.279651
0.277468
0.282496
0.277958
0.271712
0.273973
0.284343
0.27211
0.277779
0.276125
0.271867
0.271992
0.281357
0.272216
0.27993
0.278802
0.277066
0.276962
0.272349
0.281288
0.277457
0.275945
0.279498
0.275119
0.276365
0.279202
0.276659
0.280286
0.280716
0.277453
0.274016
0.271874
0.275855
0.269861
0.279024
0.273758
0.273435
0.27672
0.277486
0.27289
0.276783
0.274281
0.27228
0.276356
0.276145
0.278596
0.27682
0.274671
0.280098
0.279516
0.275505
0.274715
0.277455
0.28117
0.278608
0.277365
0.281908
0.281872
0.271552
0.269681
0.276402
0.278422
0.274306
0.273523
0.277685
0.27049
0.277865
0.276436
0.2752
0.274309
0.280292
0.280454
0.273733
0.276198
0.273923
0.27312
0.277381
0.275422
0.278272
0.278112
0.279481
0.278527
0.280697
0.278679
0.270223
0.275311
0.277307
0.274051
0.278081
0.281921
0.276106
0.278934
0.274848
0.280311
0.278726
0.277679
0.278423
0.27343
0.279911
0.274939
0.27638
0.274281
0.270273
0.279429
0.277935
0.278445
0.277303
0.274953
0.275922
0.275804
0.275107
0.27738
0.273976
0.27399
0.275526
0.267961
0.279118
0.280455
0.276958
0.275067
0.271311
0.278884
0.274745
0.279344
0.274786
0.280096
0.275637
0.278423
0.274005
0.276674
0.267672
0.279874
0.274802
0.273749
0.274232
0.276579
0.27666
0.274913
0.272787
0.269933
0.277627
0.270896
0.275064
0.277672
0.273704
0.281908
0.278519
0.278459
0.279326
0.268784
0.277208


