0	0
0.01	0.000642901
0.02	0.00188294
0.03	0.00363426
0.04	0.00594822
0.05	0.00871982
0.06	0.0118724
0.07	0.0153018
0.08	0.0191678
0.09	0.0232739
0.1	0.0276377
0.11	0.0323067
0.12	0.037194
0.13	0.0418652
0.14	0.0468213
0.15	0.0519947
0.16	0.0571643
0.17	0.0626977
0.18	0.0680032
0.19	0.0731472
0.2	0.0784574
0.21	0.0836371
0.22	0.0890905
0.23	0.0944739
0.24	0.0995344
0.25	0.104196
0.26	0.108989
0.27	0.113288
0.28	0.118218
0.29	0.122867
0.3	0.127404
0.31	0.132085
0.32	0.136086
0.33	0.139704
0.34	0.143376
0.35	0.1473
0.36	0.150889
0.37	0.154491
0.38	0.158097
0.39	0.161944
0.4	0.165581
0.41	0.169003
0.42	0.171834
0.43	0.174625
0.44	0.178177
0.45	0.181049
0.46	0.184366
0.47	0.187697
0.48	0.190497
0.49	0.192371
0.5	0.19492
0.51	0.19677
0.52	0.198749
0.53	0.20061
0.54	0.202153
0.55	0.203997
0.56	0.206615
0.57	0.207948
0.58	0.210275
0.59	0.21202
0.6	0.214679
0.61	0.216183
0.62	0.217612
0.63	0.219688
0.64	0.221062
0.65	0.221719
0.66	0.222893
0.67	0.224451
0.68	0.22552
0.69	0.226944
0.7	0.22849
0.71	0.229403
0.72	0.230029
0.73	0.230722
0.74	0.230442
0.75	0.232601
0.76	0.234205
0.77	0.233964
0.78	0.235505
0.79	0.236315
0.8	0.237835
0.81	0.238406
0.82	0.239458
0.83	0.23897
0.84	0.239941
0.85	0.239977
0.86	0.240552
0.87	0.240729
0.88	0.241835
0.89	0.242079
0.9	0.242469
0.91	0.2416
0.92	0.240788
0.93	0.241934
0.94	0.241275
0.95	0.241143
0.96	0.241305
0.97	0.241963
0.98	0.241829
0.99	0.24212
1	0.241826
1.01	0.242289
1.02	0.242089
1.03	0.242392
1.04	0.241733
1.05	0.243403
1.06	0.244339
1.07	0.244224
1.08	0.245113
1.09	0.243906
1.1	0.242806
1.11	0.243079
1.12	0.243022
1.13	0.242417
1.14	0.241183
1.15	0.241898
1.16	0.241866
1.17	0.242518
1.18	0.24264
1.19	0.243012
1.2	0.243863
1.21	0.243545
1.22	0.243098
1.23	0.242362
1.24	0.242155
1.25	0.242641
1.26	0.244113
1.27	0.243613
1.28	0.243414
1.29	0.242609
1.3	0.243049
1.31	0.241827
1.32	0.242934
1.33	0.243247
1.34	0.243832
1.35	0.242274
1.36	0.241391
1.37	0.241761
1.38	0.242099
1.39	0.241426
1.4	0.241264
1.41	0.241882
1.42	0.241891
1.43	0.240057
1.44	0.24147
1.45	0.242407
1.46	0.243463
1.47	0.243052
1.48	0.243229
1.49	0.243272
1.5	0.243067
1.51	0.244119
1.52	0.243077
1.53	0.242741
1.54	0.242219
1.55	0.241524
1.56	0.240164
1.57	0.240105
1.58	0.239768
1.59	0.240645
1.6	0.240553
1.61	0.240743
1.62	0.240932
1.63	0.239641
1.64	0.238928
1.65	0.238978
1.66	0.237977
1.67	0.239076
1.68	0.237875
1.69	0.237615
1.7	0.238542
1.71	0.239642
1.72	0.240312
1.73	0.239828
1.74	0.23947
1.75	0.240433
1.76	0.240115
1.77	0.239498
1.78	0.238298
1.79	0.239557
1.8	0.238901
1.81	0.239193
1.82	0.239476
1.83	0.240044
1.84	0.238987
1.85	0.238186
1.86	0.239352
1.87	0.239944
1.88	0.238657
1.89	0.239861
1.9	0.239564
1.91	0.239958
1.92	0.241688
1.93	0.240844
1.94	0.241731
1.95	0.241426
1.96	0.242953
1.97	0.242156
1.98	0.240029
1.99	0.24003
2	0.239614
2.01	0.238229
2.02	0.238447
2.03	0.239425
2.04	0.239528
2.05	0.23947
2.06	0.24048
2.07	0.240742
2.08	0.239477
2.09	0.240543
2.1	0.240447
2.11	0.240045
2.12	0.241252
2.13	0.24158
2.14	0.239481
2.15	0.242008
2.16	0.240491
2.17	0.242136
2.18	0.24184
2.19	0.241454
2.2	0.240925
2.21	0.240667
2.22	0.240818
2.23	0.239844
2.24	0.239663
2.25	0.239945
2.26	0.239133
2.27	0.240105
2.28	0.240928
2.29	0.23991
2.3	0.23975
2.31	0.241777
2.32	0.24004
2.33	0.240166
2.34	0.24056
2.35	0.242436
2.36	0.240698
2.37	0.241845
2.38	0.2415
2.39	0.240511
2.4	0.240008
2.41	0.242028
2.42	0.242249
2.43	0.241242
2.44	0.239854
2.45	0.241589
2.46	0.242502
2.47	0.242288
2.48	0.241869
2.49	0.241039
2.5	0.240876
2.51	0.241207
2.52	0.240626
2.53	0.241943
2.54	0.243336
2.55	0.241688
2.56	0.241076
2.57	0.240782
2.58	0.24074
2.59	0.241816
2.6	0.242849
2.61	0.242175
2.62	0.241989
2.63	0.240723
2.64	0.24133
2.65	0.243797
2.66	0.24161
2.67	0.243086
2.68	0.242995
2.69	0.244195
2.7	0.244222
2.71	0.245542
2.72	0.245942
2.73	0.24551
2.74	0.244745
2.75	0.245076
2.76	0.246071
2.77	0.244285
2.78	0.246244
2.79	0.245961
2.8	0.246917
2.81	0.246464
2.82	0.243654
2.83	0.243092
2.84	0.244464
2.85	0.24385
2.86	0.244653
2.87	0.244672
2.88	0.244873
2.89	0.244951
2.9	0.245638
2.91	0.245381
2.92	0.244316
2.93	0.242142
2.94	0.243632
2.95	0.244604
2.96	0.243475
2.97	0.242812
2.98	0.245471
2.99	0.248494
3	0.250383
3.01	0.248344
3.02	0.246752
3.03	0.246258
3.04	0.246763
3.05	0.244125
3.06	0.244777
3.07	0.245229
3.08	0.246232
3.09	0.247167
3.1	0.24983
3.11	0.249309
3.12	0.25052
3.13	0.249004
3.14	0.251135
3.15	0.251276
3.16	0.249947
3.17	0.250334
3.18	0.248069
3.19	0.247659
3.2	0.247705
3.21	0.24809
3.22	0.247835
3.23	0.245942
3.24	0.250407
3.25	0.249242
3.26	0.247953
3.27	0.24855
3.28	0.248486
3.29	0.250201
3.3	0.249931
3.31	0.24964
3.32	0.248263
3.33	0.248506
3.34	0.250088
3.35	0.25055
3.36	0.252546
3.37	0.250171
3.38	0.250156
3.39	0.25307
3.4	0.252903
3.41	0.250869
3.42	0.251516
3.43	0.250084
3.44	0.251041
3.45	0.251832
3.46	0.249876
3.47	0.249289
3.48	0.249643
3.49	0.247908
3.5	0.248641
3.51	0.247039
3.52	0.248073
3.53	0.250826
3.54	0.251029
3.55	0.255327
3.56	0.253431
3.57	0.252605
3.58	0.251719
3.59	0.250497
3.6	0.250485
3.61	0.248783
3.62	0.250026
3.63	0.249424
3.64	0.250496
3.65	0.251758
3.66	0.25042
3.67	0.249528
3.68	0.251427
3.69	0.251205
3.7	0.251002
3.71	0.252255
3.72	0.252134
3.73	0.252892
3.74	0.2523
3.75	0.253798
3.76	0.253811
3.77	0.253918
3.78	0.253703
3.79	0.252545
3.8	0.252805
3.81	0.252014
3.82	0.252864
3.83	0.25198
3.84	0.253945
3.85	0.250976
3.86	0.251863
3.87	0.25116
3.88	0.253554
3.89	0.255381
3.9	0.253995
3.91	0.249115
3.92	0.252685
3.93	0.252868
3.94	0.253611
3.95	0.253606
3.96	0.254806
3.97	0.255132
3.98	0.254771
3.99	0.255939
4	0.256219
4.01	0.256814
4.02	0.257606
4.03	0.258155
4.04	0.25888
4.05	0.256775
4.06	0.257344
4.07	0.25626
4.08	0.256646
4.09	0.258274
4.1	0.256912
4.11	0.258423
4.12	0.257517
4.13	0.258534
4.14	0.257035
4.15	0.258424
4.16	0.258569
4.17	0.259959
4.18	0.259937
4.19	0.257912
4.2	0.254976
4.21	0.257542
4.22	0.259722
4.23	0.259992
4.24	0.260248
4.25	0.257406
4.26	0.259269
4.27	0.259587
4.28	0.260823
4.29	0.263243
4.3	0.263383
4.31	0.261532
4.32	0.260614
4.33	0.26057
4.34	0.26082
4.35	0.261198
4.36	0.261994
4.37	0.262893
4.38	0.264018
4.39	0.262432
4.4	0.262697
4.41	0.262713
4.42	0.2628
4.43	0.263923
4.44	0.26295
4.45	0.264172
4.46	0.261558
4.47	0.260316
4.48	0.258995
4.49	0.262108
4.5	0.263242
4.51	0.261544
4.52	0.262609
4.53	0.264403
4.54	0.2641
4.55	0.262199
4.56	0.261276
4.57	0.261187
4.58	0.263907
4.59	0.266743
4.6	0.268648
4.61	0.26801
4.62	0.266777
4.63	0.265984
4.64	0.262483
4.65	0.261996
4.66	0.262687
4.67	0.263052
4.68	0.262414
4.69	0.264553
4.7	0.264169
4.71	0.266439
4.72	0.265558
4.73	0.264974
4.74	0.262042
4.75	0.264912
4.76	0.264699
4.77	0.263906
4.78	0.263912
4.79	0.262426
4.8	0.265284
4.81	0.264519
4.82	0.26551
4.83	0.267376
4.84	0.266183
4.85	0.263721
4.86	0.267307
4.87	0.266707
4.88	0.266031
4.89	0.267074
4.9	0.267813
4.91	0.269053
4.92	0.267203
4.93	0.267122
4.94	0.269456
4.95	0.266525
4.96	0.267404
4.97	0.2691
4.98	0.267162
4.99	0.26645
5	0.268381
5.01	0.267862
5.02	0.266459
5.03	0.268656
5.04	0.265905
5.05	0.265737
5.06	0.269862
5.07	0.267265
5.08	0.268756
5.09	0.268198
5.1	0.271517
5.11	0.272512
5.12	0.273941
5.13	0.273098
5.14	0.270375
5.15	0.269535
5.16	0.271196
5.17	0.272114
5.18	0.272587
5.19	0.273164
5.2	0.271018
5.21	0.272098
5.22	0.27129
5.23	0.26969
5.24	0.269021
5.25	0.26841
5.26	0.269777
5.27	0.271387
5.28	0.273538
5.29	0.272054
5.3	0.272184
5.31	0.271987
5.32	0.272939
5.33	0.272087
5.34	0.272164
5.35	0.271854
5.36	0.271883
5.37	0.272684
5.38	0.273163
5.39	0.27425
5.4	0.275116
5.41	0.274371
5.42	0.274437
5.43	0.274586
5.44	0.271895
5.45	0.274596
5.46	0.274005
5.47	0.274422
5.48	0.275014
5.49	0.273173
5.5	0.276104
5.51	0.274561
5.52	0.275489
5.53	0.276693
5.54	0.274522
5.55	0.276845
5.56	0.27651
5.57	0.274937
5.58	0.276599
5.59	0.275086
5.6	0.277234
5.61	0.275045
5.62	0.275553
5.63	0.275059
5.64	0.275853
5.65	0.272664
5.66	0.272994
5.67	0.274459
5.68	0.273106
5.69	0.274534
5.7	0.275302
5.71	0.275862
5.72	0.274658
5.73	0.274554
5.74	0.276147
5.75	0.277223
5.76	0.278847
5.77	0.275767
5.78	0.278971
5.79	0.279951
5.8	0.28011
5.81	0.277774
5.82	0.281948
5.83	0.283966
5.84	0.277808
5.85	0.276566
5.86	0.27855
5.87	0.278122
5.88	0.277334
5.89	0.279839
5.9	0.278736
5.91	0.280419
5.92	0.277854
5.93	0.27858
5.94	0.279723
5.95	0.279399
5.96	0.27744
5.97	0.276514
5.98	0.279879
5.99	0.279249
6	0.28094
6.01	0.282165
6.02	0.277622
6.03	0.281385
6.04	0.282501
6.05	0.279389
6.06	0.282509
6.07	0.280489
6.08	0.280434
6.09	0.278162
6.1	0.281621
6.11	0.284672
6.12	0.284012
6.13	0.278918
6.14	0.280233
6.15	0.283231
6.16	0.283387
6.17	0.280416
6.18	0.280943
6.19	0.280236
6.2	0.280526
6.21	0.282493
6.22	0.283074
6.23	0.281369
6.24	0.280919
6.25	0.283169
6.26	0.283511
6.27	0.284803
6.28	0.287425
6.29	0.283887
6.3	0.280989
6.31	0.284017
6.32	0.284951
6.33	0.284413
6.34	0.285824
6.35	0.282855
6.36	0.283796
6.37	0.284157
6.38	0.28801
6.39	0.284793
6.4	0.286456
6.41	0.28651
6.42	0.288603
6.43	0.288332
6.44	0.285256
6.45	0.284199
6.46	0.284179
6.47	0.285273
6.48	0.284014
6.49	0.286342
6.5	0.284484
6.51	0.286596
6.52	0.283154
6.53	0.284262
6.54	0.286321
6.55	0.286314
6.56	0.287351
6.57	0.286592
6.58	0.286894
6.59	0.284469
6.6	0.288169
6.61	0.287704
6.62	0.287846
6.63	0.286975
6.64	0.289219
6.65	0.288579
6.66	0.287328
6.67	0.286874
6.68	0.285943
6.69	0.288775
6.7	0.28802
6.71	0.285784
6.72	0.286189
6.73	0.28757
6.74	0.287628
6.75	0.287545
6.76	0.289973
6.77	0.288857
6.78	0.287129
6.79	0.28861
6.8	0.290108
6.81	0.289275
6.82	0.289433
6.83	0.287529
6.84	0.288272
6.85	0.289253
6.86	0.289651
6.87	0.28993
6.88	0.2918
6.89	0.290272
6.9	0.289945
6.91	0.287297
6.92	0.287366
6.93	0.29072
6.94	0.292221
6.95	0.291291
6.96	0.290104
6.97	0.291034
6.98	0.291273
6.99	0.290238
7	0.29235
7.01	0.292042
7.02	0.291389
7.03	0.289912
7.04	0.291547
7.05	0.292346
7.06	0.294445
7.07	0.293061
7.08	0.294075
7.09	0.289286
7.1	0.289543
7.11	0.289416
7.12	0.292618
7.13	0.293132
7.14	0.292392
7.15	0.292388
7.16	0.294253
7.17	0.295011
7.18	0.294236
7.19	0.292968
7.2	0.294374
7.21	0.295551
7.22	0.297083
7.23	0.294076
7.24	0.292019
7.25	0.293252
7.26	0.295129
7.27	0.297314
7.28	0.297256
7.29	0.295394
7.3	0.295531
7.31	0.297669
7.32	0.298138
7.33	0.296516
7.34	0.297225
7.35	0.297345
7.36	0.298795
7.37	0.298316
7.38	0.298903
7.39	0.299051
7.4	0.295862
7.41	0.297248
7.42	0.297239
7.43	0.295535
7.44	0.296585
7.45	0.297015
7.46	0.295276
7.47	0.295549
7.48	0.301084
7.49	0.299125
7.5	0.300136
7.51	0.299795
7.52	0.299407
7.53	0.299196
7.54	0.30058
7.55	0.300526
7.56	0.299911
7.57	0.3036
7.58	0.304607
7.59	0.302971
7.6	0.300337
7.61	0.297866
7.62	0.299972
7.63	0.299912
7.64	0.298951
7.65	0.2977
7.66	0.295689
7.67	0.301256
7.68	0.299419
7.69	0.298718
7.7	0.297747
7.71	0.30048
7.72	0.300248
7.73	0.298844
7.74	0.297683
7.75	0.299092
7.76	0.297448
7.77	0.297198
7.78	0.298892
7.79	0.301173
7.8	0.301482
7.81	0.298272
7.82	0.301093
7.83	0.301313
7.84	0.3011
7.85	0.303139
7.86	0.303239
7.87	0.303993
7.88	0.301484
7.89	0.300094
7.9	0.301044
7.91	0.301422
7.92	0.300802
7.93	0.301571
7.94	0.301526
7.95	0.299851
7.96	0.303605
7.97	0.300587
7.98	0.299843
7.99	0.304871
8	0.304637
8.01	0.30527
8.02	0.30466
8.03	0.305065
8.04	0.304469
8.05	0.30298
8.06	0.303365
8.07	0.304298
8.08	0.305107
8.09	0.307616
8.1	0.307066
8.11	0.304713
8.12	0.302931
8.13	0.303973
8.14	0.302963
8.15	0.302782
8.16	0.303251
8.17	0.306069
8.18	0.307546
8.19	0.304396
8.2	0.306328
8.21	0.306367
8.22	0.305249
8.23	0.303531
8.24	0.304133
8.25	0.306395
8.26	0.307494
8.27	0.305999
8.28	0.304198
8.29	0.30667
8.3	0.308778
8.31	0.306153
8.32	0.306807
8.33	0.308322
8.34	0.30836
8.35	0.305548
8.36	0.307901
8.37	0.304736
8.38	0.308935
8.39	0.306564
8.4	0.307331
8.41	0.309917
8.42	0.308517
8.43	0.308368
8.44	0.311175
8.45	0.309173
8.46	0.308389
8.47	0.308742
8.48	0.308662
8.49	0.311125
8.5	0.307783
8.51	0.309992
8.52	0.309575
8.53	0.313429
8.54	0.311446
8.55	0.311499
8.56	0.308944
8.57	0.310564
8.58	0.310152
8.59	0.308508
8.6	0.310469
8.61	0.310649
8.62	0.311872
8.63	0.310465
8.64	0.308333
8.65	0.308537
8.66	0.309444
8.67	0.312962
8.68	0.313944
8.69	0.313503
8.7	0.312692
8.71	0.310744
8.72	0.313548
8.73	0.315591
8.74	0.311901
8.75	0.31316
8.76	0.311891
8.77	0.312053
8.78	0.312627
8.79	0.312243
8.8	0.314282
8.81	0.314559
8.82	0.311109
8.83	0.312219
8.84	0.311023
8.85	0.308115
8.86	0.309997
8.87	0.309646
8.88	0.311811
8.89	0.308925
8.9	0.311817
8.91	0.311233
8.92	0.313774
8.93	0.314275
8.94	0.309319
8.95	0.313774
8.96	0.311972
8.97	0.312418
8.98	0.314219
8.99	0.314796
9	0.315442
9.01	0.316811
9.02	0.313731
9.03	0.313646
9.04	0.313434
9.05	0.314974
9.06	0.31535
9.07	0.318202
9.08	0.320734
9.09	0.318998
9.1	0.316403
9.11	0.315593
9.12	0.314261
9.13	0.313424
9.14	0.320213
9.15	0.319171
9.16	0.317975
9.17	0.319352
9.18	0.316144
9.19	0.317355
9.2	0.318314
9.21	0.319584
9.22	0.320737
9.23	0.320062
9.24	0.317378
9.25	0.319736
9.26	0.320157
9.27	0.318062
9.28	0.316329
9.29	0.318303
9.3	0.317307
9.31	0.318521
9.32	0.317857
9.33	0.316638
9.34	0.317537
9.35	0.317414
9.36	0.318427
9.37	0.321903
9.38	0.319216
9.39	0.319347
9.4	0.32073
9.41	0.32046
9.42	0.322267
9.43	0.32081
9.44	0.319862
9.45	0.320021
9.46	0.319011
9.47	0.320733
9.48	0.322636
9.49	0.322618
9.5	0.320011
9.51	0.319315
9.52	0.32287
9.53	0.319558
9.54	0.321802
9.55	0.323099
9.56	0.321444
9.57	0.319414
9.58	0.320966
9.59	0.320993
9.6	0.321315
9.61	0.321613
9.62	0.320491
9.63	0.323124
9.64	0.32401
9.65	0.322461
9.66	0.320187
9.67	0.324186
9.68	0.320341
9.69	0.32502
9.7	0.327726
9.71	0.330332
9.72	0.327043
9.73	0.326405
9.74	0.323287
9.75	0.325371
9.76	0.326869
9.77	0.32636
9.78	0.324271
9.79	0.324291
9.8	0.325863
9.81	0.324068
9.82	0.325599
9.83	0.324211
9.84	0.324829
9.85	0.325932
9.86	0.324349
9.87	0.325513
9.88	0.325962
9.89	0.32631
9.9	0.326667
9.91	0.326805
9.92	0.329673
9.93	0.324664
9.94	0.322969
9.95	0.323257
9.96	0.323574
9.97	0.327668
9.98	0.329094
9.99	0.328589
10	0.328275
10	0.327317
9.99	0.328077
9.98	0.325436
9.97	0.324044
9.96	0.324939
9.95	0.321279
9.94	0.32446
9.93	0.320567
9.92	0.321172
9.91	0.326195
9.9	0.325058
9.89	0.323479
9.88	0.3246
9.87	0.321315
9.86	0.321059
9.85	0.321043
9.84	0.324459
9.83	0.324339
9.82	0.322148
9.81	0.319958
9.8	0.319492
9.79	0.322864
9.78	0.317284
9.77	0.31755
9.76	0.318178
9.75	0.320785
9.74	0.323304
9.73	0.323127
9.72	0.320632
9.71	0.319096
9.7	0.318871
9.69	0.318877
9.68	0.323501
9.67	0.318849
9.66	0.318531
9.65	0.320711
9.64	0.32215
9.63	0.319575
9.62	0.321922
9.61	0.318869
9.6	0.31958
9.59	0.321824
9.58	0.322906
9.57	0.319999
9.56	0.320191
9.55	0.320483
9.54	0.318836
9.53	0.314815
9.52	0.316713
9.51	0.317782
9.5	0.316972
9.49	0.317146
9.48	0.314014
9.47	0.314551
9.46	0.317573
9.45	0.317264
9.44	0.31356
9.43	0.318598
9.42	0.316269
9.41	0.317063
9.4	0.313311
9.39	0.313664
9.38	0.31296
9.37	0.313671
9.36	0.313486
9.35	0.31264
9.34	0.311652
9.33	0.312141
9.32	0.312553
9.31	0.31251
9.3	0.314617
9.29	0.316141
9.28	0.317688
9.27	0.315669
9.26	0.31676
9.25	0.312788
9.24	0.310204
9.23	0.309948
9.22	0.31218
9.21	0.311925
9.2	0.310621
9.19	0.307784
9.18	0.311778
9.17	0.308922
9.16	0.311735
9.15	0.312887
9.14	0.311729
9.13	0.310622
9.12	0.309964
9.11	0.310625
9.1	0.307626
9.09	0.309241
9.08	0.309181
9.07	0.310921
9.06	0.311483
9.05	0.310101
9.04	0.307604
9.03	0.308369
9.02	0.310626
9.01	0.311314
9	0.310648
8.99	0.308399
8.98	0.311786
8.97	0.306969
8.96	0.309623
8.95	0.308587
8.94	0.309049
8.93	0.30679
8.92	0.309063
8.91	0.305973
8.9	0.302227
8.89	0.306076
8.88	0.305123
8.87	0.3049
8.86	0.308937
8.85	0.309245
8.84	0.306619
8.83	0.305397
8.82	0.306332
8.81	0.304434
8.8	0.302903
8.79	0.306942
8.78	0.307399
8.77	0.307561
8.76	0.30354
8.75	0.306142
8.74	0.307037
8.73	0.304187
8.72	0.304555
8.71	0.30533
8.7	0.304476
8.69	0.303671
8.68	0.303598
8.67	0.306497
8.66	0.303423
8.65	0.299315
8.64	0.298344
8.63	0.298965
8.62	0.300328
8.61	0.301902
8.6	0.305402
8.59	0.302625
8.58	0.302692
8.57	0.302226
8.56	0.302335
8.55	0.303955
8.54	0.302363
8.53	0.298191
8.52	0.297754
8.51	0.299171
8.5	0.302893
8.49	0.300113
8.48	0.300487
8.47	0.302295
8.46	0.302111
8.45	0.301186
8.44	0.301119
8.43	0.300134
8.42	0.303747
8.41	0.300808
8.4	0.301827
8.39	0.297164
8.38	0.295183
8.37	0.299428
8.36	0.29719
8.35	0.297844
8.34	0.296173
8.33	0.300274
8.32	0.297005
8.31	0.2958
8.3	0.294413
8.29	0.295967
8.28	0.295765
8.27	0.295883
8.26	0.298955
8.25	0.297773
8.24	0.299282
8.23	0.297367
8.22	0.298052
8.21	0.299589
8.2	0.296079
8.19	0.293694
8.18	0.296138
8.17	0.295702
8.16	0.293799
8.15	0.291831
8.14	0.290683
8.13	0.294682
8.12	0.293127
8.11	0.293444
8.1	0.294006
8.09	0.294931
8.08	0.297558
8.07	0.292254
8.06	0.293435
8.05	0.29664
8.04	0.294007
8.03	0.295672
8.02	0.294461
8.01	0.293666
8	0.293652
7.99	0.29459
7.98	0.294534
7.97	0.29493
7.96	0.293182
7.95	0.291914
7.94	0.291302
7.93	0.292478
7.92	0.291636
7.91	0.294521
7.9	0.294259
7.89	0.295029
7.88	0.292504
7.87	0.290504
7.86	0.290815
7.85	0.291762
7.84	0.291458
7.83	0.286896
7.82	0.290041
7.81	0.289171
7.8	0.293363
7.79	0.290805
7.78	0.290279
7.77	0.289641
7.76	0.290123
7.75	0.289292
7.74	0.290869
7.73	0.288689
7.72	0.290353
7.71	0.291006
7.7	0.285895
7.69	0.288655
7.68	0.290279
7.67	0.288431
7.66	0.286039
7.65	0.288024
7.64	0.28913
7.63	0.28846
7.62	0.288781
7.61	0.288257
7.6	0.290538
7.59	0.290389
7.58	0.288824
7.57	0.287959
7.56	0.287232
7.55	0.288051
7.54	0.291024
7.53	0.291229
7.52	0.289065
7.51	0.28557
7.5	0.285807
7.49	0.287891
7.48	0.286262
7.47	0.286169
7.46	0.288406
7.45	0.286117
7.44	0.284764
7.43	0.283897
7.42	0.281717
7.41	0.283144
7.4	0.285003
7.39	0.285468
7.38	0.284394
7.37	0.282757
7.36	0.284044
7.35	0.284447
7.34	0.281361
7.33	0.281749
7.32	0.281539
7.31	0.283535
7.3	0.281434
7.29	0.286274
7.28	0.281718
7.27	0.281103
7.26	0.280883
7.25	0.282257
7.24	0.279094
7.23	0.278994
7.22	0.278929
7.21	0.280354
7.2	0.280237
7.19	0.281339
7.18	0.281668
7.17	0.283764
7.16	0.283606
7.15	0.28058
7.14	0.279909
7.13	0.281442
7.12	0.283462
7.11	0.280035
7.1	0.280905
7.09	0.277804
7.08	0.278947
7.07	0.2797
7.06	0.279317
7.05	0.279887
7.04	0.278642
7.03	0.279486
7.02	0.279318
7.01	0.280548
7	0.281013
6.99	0.280364
6.98	0.280016
6.97	0.279112
6.96	0.276797
6.95	0.275956
6.94	0.278308
6.93	0.278978
6.92	0.278482
6.91	0.277577
6.9	0.28109
6.89	0.278926
6.88	0.278162
6.87	0.27641
6.86	0.277854
6.85	0.279033
6.84	0.275956
6.83	0.278061
6.82	0.279578
6.81	0.275437
6.8	0.275271
6.79	0.276757
6.78	0.277563
6.77	0.279275
6.76	0.278723
6.75	0.277861
6.74	0.277933
6.73	0.276273
6.72	0.27669
6.71	0.274634
6.7	0.272511
6.69	0.273305
6.68	0.272717
6.67	0.274139
6.66	0.271254
6.65	0.274308
6.64	0.276089
6.63	0.271876
6.62	0.27162
6.61	0.271972
6.6	0.270613
6.59	0.272325
6.58	0.269123
6.57	0.271399
6.56	0.270114
6.55	0.272149
6.54	0.270829
6.53	0.27084
6.52	0.269822
6.51	0.266762
6.5	0.265814
6.49	0.268552
6.48	0.269563
6.47	0.269714
6.46	0.265607
6.45	0.268402
6.44	0.268017
6.43	0.269993
6.42	0.268793
6.41	0.265934
6.4	0.267376
6.39	0.26933
6.38	0.267261
6.37	0.269906
6.36	0.269477
6.35	0.266824
6.34	0.268397
6.33	0.267553
6.32	0.265569
6.31	0.265552
6.3	0.266367
6.29	0.26457
6.28	0.267372
6.27	0.267989
6.26	0.266369
6.25	0.267611
6.24	0.265897
6.23	0.266139
6.22	0.268682
6.21	0.265221
6.2	0.267684
6.19	0.265972
6.18	0.265294
6.17	0.263803
6.16	0.265964
6.15	0.263419
6.14	0.264653
6.13	0.263757
6.12	0.264598
6.11	0.264481
6.1	0.262516
6.09	0.261608
6.08	0.262081
6.07	0.261578
6.06	0.262452
6.05	0.261981
6.04	0.259297
6.03	0.261021
6.02	0.263579
6.01	0.263077
6	0.263904
5.99	0.262999
5.98	0.262288
5.97	0.261457
5.96	0.260604
5.95	0.262119
5.94	0.261442
5.93	0.259584
5.92	0.260125
5.91	0.262374
5.9	0.264772
5.89	0.26366
5.88	0.261123
5.87	0.257795
5.86	0.261435
5.85	0.261041
5.84	0.260114
5.83	0.261581
5.82	0.259431
5.81	0.259598
5.8	0.261308
5.79	0.262388
5.78	0.259814
5.77	0.257929
5.76	0.256322
5.75	0.256863
5.74	0.259328
5.73	0.259862
5.72	0.260134
5.71	0.26013
5.7	0.255335
5.69	0.256921
5.68	0.256929
5.67	0.257205
5.66	0.25929
5.65	0.258503
5.64	0.256448
5.63	0.254446
5.62	0.254773
5.61	0.257617
5.6	0.255254
5.59	0.254286
5.58	0.253371
5.57	0.253502
5.56	0.256691
5.55	0.25652
5.54	0.255285
5.53	0.2552
5.52	0.252601
5.51	0.255679
5.5	0.25457
5.49	0.258068
5.48	0.252896
5.47	0.253752
5.46	0.257919
5.45	0.255587
5.44	0.256004
5.43	0.25594
5.42	0.25503
5.41	0.25246
5.4	0.254063
5.39	0.25513
5.38	0.254194
5.37	0.254483
5.36	0.255284
5.35	0.250324
5.34	0.249936
5.33	0.249419
5.32	0.251859
5.31	0.25254
5.3	0.250941
5.29	0.254257
5.28	0.25384
5.27	0.253837
5.26	0.251579
5.25	0.250171
5.24	0.250991
5.23	0.25056
5.22	0.249843
5.21	0.246362
5.2	0.246372
5.19	0.246759
5.18	0.247636
5.17	0.248717
5.16	0.249051
5.15	0.249887
5.14	0.245897
5.13	0.248603
5.12	0.248872
5.11	0.248768
5.1	0.246115
5.09	0.247982
5.08	0.248034
5.07	0.249192
5.06	0.246343
5.05	0.24512
5.04	0.245656
5.03	0.248723
5.02	0.246259
5.01	0.247831
5	0.249906
4.99	0.245759
4.98	0.246324
4.97	0.245839
4.96	0.245264
4.95	0.245623
4.94	0.243561
4.93	0.245249
4.92	0.24605
4.91	0.245264
4.9	0.2436
4.89	0.240261
4.88	0.241364
4.87	0.244341
4.86	0.242427
4.85	0.246051
4.84	0.247997
4.83	0.245286
4.82	0.243898
4.81	0.242393
4.8	0.244882
4.79	0.245073
4.78	0.243942
4.77	0.243319
4.76	0.244953
4.75	0.245724
4.74	0.243942
4.73	0.2454
4.72	0.245099
4.71	0.244682
4.7	0.242621
4.69	0.244745
4.68	0.241994
4.67	0.243904
4.66	0.24245
4.65	0.242649
4.64	0.243391
4.63	0.241207
4.62	0.242202
4.61	0.242096
4.6	0.242088
4.59	0.24211
4.58	0.241685
4.57	0.241751
4.56	0.240937
4.55	0.241425
4.54	0.243122
4.53	0.240827
4.52	0.238585
4.51	0.239887
4.5	0.240874
4.49	0.240834
4.48	0.241547
4.47	0.244214
4.46	0.242177
4.45	0.24233
4.44	0.24168
4.43	0.241175
4.42	0.241819
4.41	0.240617
4.4	0.240124
4.39	0.238988
4.38	0.238599
4.37	0.236676
4.36	0.23639
4.35	0.235048
4.34	0.233223
4.33	0.232756
4.32	0.235768
4.31	0.236206
4.3	0.236778
4.29	0.235667
4.28	0.23762
4.27	0.23447
4.26	0.236097
4.25	0.23575
4.24	0.235414
4.23	0.234765
4.22	0.234557
4.21	0.234081
4.2	0.235371
4.19	0.234696
4.18	0.234
4.17	0.234877
4.16	0.232958
4.15	0.233387
4.14	0.232278
4.13	0.231731
4.12	0.230992
4.11	0.231347
4.1	0.232614
4.09	0.2324
4.08	0.230209
4.07	0.23288
4.06	0.229868
4.05	0.231377
4.04	0.231473
4.03	0.230521
4.02	0.22853
4.01	0.23086
4	0.229846
3.99	0.230567
3.98	0.233054
3.97	0.234189
3.96	0.234255
3.95	0.232301
3.94	0.231988
3.93	0.23262
3.92	0.232806
3.91	0.233251
3.9	0.231956
3.89	0.230291
3.88	0.230678
3.87	0.231496
3.86	0.230538
3.85	0.231277
3.84	0.228325
3.83	0.22611
3.82	0.227278
3.81	0.22641
3.8	0.228006
3.79	0.226748
3.78	0.229773
3.77	0.230767
3.76	0.231687
3.75	0.230598
3.74	0.229664
3.73	0.228964
3.72	0.228631
3.71	0.225856
3.7	0.225081
3.69	0.224584
3.68	0.226392
3.67	0.225109
3.66	0.226358
3.65	0.226672
3.64	0.224402
3.63	0.226301
3.62	0.22634
3.61	0.226211
3.6	0.226679
3.59	0.224815
3.58	0.224946
3.57	0.225523
3.56	0.225025
3.55	0.224564
3.54	0.223154
3.53	0.2231
3.52	0.2221
3.51	0.222706
3.5	0.225043
3.49	0.225051
3.48	0.223758
3.47	0.224627
3.46	0.22304
3.45	0.223819
3.44	0.224322
3.43	0.222973
3.42	0.22446
3.41	0.224788
3.4	0.226625
3.39	0.22538
3.38	0.221984
3.37	0.220697
3.36	0.22067
3.35	0.21963
3.34	0.21976
3.33	0.220693
3.32	0.22012
3.31	0.219797
3.3	0.221344
3.29	0.221122
3.28	0.221262
3.27	0.221521
3.26	0.219738
3.25	0.219185
3.24	0.221065
3.23	0.22011
3.22	0.218482
3.21	0.221905
3.2	0.219316
3.19	0.219201
3.18	0.217715
3.17	0.217918
3.16	0.217404
3.15	0.217545
3.14	0.217356
3.13	0.216537
3.12	0.216421
3.11	0.217104
3.1	0.21471
3.09	0.214068
3.08	0.214691
3.07	0.215727
3.06	0.213922
3.05	0.213353
3.04	0.215108
3.03	0.215934
3.02	0.215323
3.01	0.215651
3	0.214851
2.99	0.215974
2.98	0.215085
2.97	0.216716
2.96	0.215043
2.95	0.216268
2.94	0.216289
2.93	0.21508
2.92	0.214062
2.91	0.215171
2.9	0.216316
2.89	0.21533
2.88	0.213569
2.87	0.214685
2.86	0.212597
2.85	0.213253
2.84	0.21327
2.83	0.213139
2.82	0.2107
2.81	0.214258
2.8	0.212828
2.79	0.212423
2.78	0.211791
2.77	0.211733
2.76	0.209209
2.75	0.211027
2.74	0.211056
2.73	0.210367
2.72	0.209977
2.71	0.210104
2.7	0.209793
2.69	0.211164
2.68	0.210049
2.67	0.211041
2.66	0.210932
2.65	0.210807
2.64	0.211058
2.63	0.209911
2.62	0.210494
2.61	0.210224
2.6	0.21012
2.59	0.210074
2.58	0.20959
2.57	0.209232
2.56	0.210316
2.55	0.209491
2.54	0.208497
2.53	0.208819
2.52	0.205101
2.51	0.206314
2.5	0.206389
2.49	0.207657
2.48	0.20667
2.47	0.205055
2.46	0.205473
2.45	0.205934
2.44	0.208018
2.43	0.206609
2.42	0.205304
2.41	0.204263
2.4	0.203963
2.39	0.205303
2.38	0.203412
2.37	0.204908
2.36	0.20437
2.35	0.20384
2.34	0.205403
2.33	0.207669
2.32	0.206212
2.31	0.205814
2.3	0.205491
2.29	0.204921
2.28	0.20436
2.27	0.205196
2.26	0.203039
2.25	0.201932
2.24	0.202293
2.23	0.201967
2.22	0.201578
2.21	0.200314
2.2	0.201328
2.19	0.200142
2.18	0.201376
2.17	0.201374
2.16	0.199914
2.15	0.200125
2.14	0.199299
2.13	0.1992
2.12	0.198698
2.11	0.200323
2.1	0.199913
2.09	0.198899
2.08	0.1993
2.07	0.198282
2.06	0.199103
2.05	0.196139
2.04	0.196203
2.03	0.196037
2.02	0.196466
2.01	0.19783
2	0.197414
1.99	0.197834
1.98	0.196565
1.97	0.196346
1.96	0.197479
1.95	0.19725
1.94	0.196568
1.93	0.197792
1.92	0.195849
1.91	0.192711
1.9	0.193979
1.89	0.195426
1.88	0.193955
1.87	0.194182
1.86	0.195289
1.85	0.195074
1.84	0.195229
1.83	0.192318
1.82	0.191522
1.81	0.191282
1.8	0.19112
1.79	0.193605
1.78	0.192788
1.77	0.192716
1.76	0.191487
1.75	0.190159
1.74	0.191525
1.73	0.190438
1.72	0.19238
1.71	0.192927
1.7	0.192074
1.69	0.192438
1.68	0.192674
1.67	0.193348
1.66	0.191862
1.65	0.192469
1.64	0.191164
1.63	0.190147
1.62	0.189661
1.61	0.188805
1.6	0.188666
1.59	0.188479
1.58	0.18861
1.57	0.18838
1.56	0.188423
1.55	0.188201
1.54	0.188879
1.53	0.188206
1.52	0.188362
1.51	0.187724
1.5	0.188044
1.49	0.18824
1.48	0.188689
1.47	0.187711
1.46	0.187594
1.45	0.187793
1.44	0.187241
1.43	0.186716
1.42	0.187268
1.41	0.185891
1.4	0.186443
1.39	0.184938
1.38	0.184826
1.37	0.185266
1.36	0.184345
1.35	0.183577
1.34	0.184549
1.33	0.184021
1.32	0.185049
1.31	0.18398
1.3	0.183385
1.29	0.1838
1.28	0.182953
1.27	0.181736
1.26	0.18272
1.25	0.182528
1.24	0.181047
1.23	0.180903
1.22	0.179719
1.21	0.180274
1.2	0.180362
1.19	0.181024
1.18	0.182104
1.17	0.182258
1.16	0.180948
1.15	0.180282
1.14	0.178997
1.13	0.178614
1.12	0.17786
1.11	0.177879
1.1	0.177865
1.09	0.177639
1.08	0.177283
1.07	0.177061
1.06	0.176998
1.05	0.178055
1.04	0.17666
1.03	0.176559
1.02	0.17713
1.01	0.176833
1	0.176524
0.99	0.176128
0.98	0.175278
0.97	0.175893
0.96	0.174917
0.95	0.173823
0.94	0.17355
0.93	0.172938
0.92	0.172483
0.91	0.171495
0.9	0.170792
0.89	0.170875
0.88	0.170293
0.87	0.169788
0.86	0.169879
0.85	0.169564
0.84	0.169168
0.83	0.169539
0.82	0.16986
0.81	0.169371
0.8	0.168061
0.79	0.168111
0.78	0.168165
0.77	0.167314
0.76	0.165784
0.75	0.165363
0.74	0.164255
0.73	0.163871
0.72	0.162686
0.71	0.162679
0.7	0.163095
0.69	0.162237
0.68	0.161819
0.67	0.161268
0.66	0.160117
0.65	0.159689
0.64	0.158635
0.63	0.157233
0.62	0.156087
0.61	0.156408
0.6	0.155218
0.59	0.15384
0.58	0.152863
0.57	0.15236
0.56	0.151341
0.55	0.149992
0.54	0.148834
0.53	0.147173
0.52	0.146256
0.51	0.145132
0.5	0.143878
0.49	0.142888
0.48	0.141627
0.47	0.140686
0.46	0.13949
0.45	0.138072
0.44	0.136664
0.43	0.135321
0.42	0.134025
0.41	0.132524
0.4	0.130488
0.39	0.12867
0.38	0.127542
0.37	0.125705
0.36	0.123991
0.35	0.122661
0.34	0.121581
0.33	0.1198
0.32	0.117726
0.31	0.115556
0.3	0.11313
0.29	0.110754
0.28	0.108884
0.27	0.106594
0.26	0.103901
0.25	0.101655
0.24	0.0993118
0.23	0.0969507
0.22	0.0941275
0.21	0.0916305
0.2	0.0886218
0.19	0.08577
0.18	0.0828493
0.17	0.0796401
0.16	0.0762738
0.15	0.0725678
0.14	0.0690062
0.13	0.0651389
0.12	0.0611236
0.11	0.0571038
0.1	0.0530023
0.09	0.0485589
0.08	0.0439623
0.07	0.0391869
0.06	0.0342452
0.05	0.0290013
0.04	0.0236948
0.03	0.0180513
0.02	0.0122613
0.01	0.00624618
1.68889e-13	1.0756e-13




