0	1.00006
0.01	0.999175
0.02	1.00057
0.03	0.99823
0.04	0.998804
0.05	0.998862
0.06	0.998578
0.07	0.999094
0.08	0.997858
0.09	0.998137
0.1	0.998588
0.11	0.998211
0.12	0.99825
0.13	0.999016
0.14	0.997483
0.15	0.998186
0.16	0.998151
0.17	0.997175
0.18	0.997694
0.19	0.997516
0.2	0.998054
0.21	0.997193
0.22	0.997379
0.23	0.997901
0.24	0.997993
0.25	0.997882
0.26	0.998064
0.27	0.997356
0.28	0.997214
0.29	0.997087
0.3	0.997172
0.31	0.996129
0.32	0.995972
0.33	0.997692
0.34	0.996274
0.35	0.996704
0.36	0.99578
0.37	0.99673
0.38	0.996837
0.39	0.996271
0.4	0.995685
0.41	0.995195
0.42	0.996532
0.43	0.995771
0.44	0.99465
0.45	0.995852
0.46	0.993305
0.47	0.994707
0.48	0.995828
0.49	0.99537
0.5	0.994737
0.51	0.995189
0.52	0.993451
0.53	0.990586
0.54	0.993675
0.55	0.99387
0.56	0.991921
0.57	0.994149
0.58	0.995576
0.59	0.993328
0.6	0.993871
0.61	0.992906
0.62	0.992771
0.63	0.992593
0.64	0.993774
0.65	0.993182
0.66	0.992958
0.67	0.993389
0.68	0.99229
0.69	0.993819
0.7	0.992043
0.71	0.992454
0.72	0.992357
0.73	0.990895
0.74	0.99146
0.75	0.992187
0.76	0.992554
0.77	0.992187
0.78	0.993898
0.79	0.992455
0.8	0.991683
0.81	0.99038
0.82	0.9907
0.83	0.991857
0.84	0.990436
0.85	0.990994
0.86	0.989755
0.87	0.991268
0.88	0.990584
0.89	0.990033
0.9	0.988907
0.91	0.989844
0.92	0.987731
0.93	0.988332
0.94	0.989688
0.95	0.991882
0.96	0.989528
0.97	0.987233
0.98	0.986843
0.99	0.987111
1	0.989096
1.01	0.987738
1.02	0.988203
1.03	0.987639
1.04	0.988395
1.05	0.989163
1.06	0.986744
1.07	0.988421
1.08	0.988176
1.09	0.98878
1.1	0.989012
1.11	0.987895
1.12	0.987333
1.13	0.986523
1.14	0.988186
1.15	0.988307
1.16	0.989212
1.17	0.98807
1.18	0.98694
1.19	0.985893
1.2	0.987351
1.21	0.98787
1.22	0.987177
1.23	0.98608
1.24	0.985519
1.25	0.985659
1.26	0.985496
1.27	0.984207
1.28	0.984857
1.29	0.986936
1.3	0.986385
1.31	0.986249
1.32	0.983642
1.33	0.983856
1.34	0.983388
1.35	0.982708
1.36	0.983424
1.37	0.984329
1.38	0.983936
1.39	0.984595
1.4	0.981219
1.41	0.982925
1.42	0.981827
1.43	0.983365
1.44	0.981794
1.45	0.981774
1.46	0.98215
1.47	0.982561
1.48	0.982173
1.49	0.977832
1.5	0.978682
1.51	0.980535
1.52	0.982178
1.53	0.981979
1.54	0.980012
1.55	0.980172
1.56	0.978131
1.57	0.979638
1.58	0.980624
1.59	0.980557
1.6	0.981415
1.61	0.981073
1.62	0.978743
1.63	0.977323
1.64	0.976742
1.65	0.97661
1.66	0.976717
1.67	0.977819
1.68	0.978495
1.69	0.978587
1.7	0.977244
1.71	0.978565
1.72	0.977093
1.73	0.978016
1.74	0.979586
1.75	0.977672
1.76	0.976707
1.77	0.973713
1.78	0.973467
1.79	0.974876
1.8	0.976215
1.81	0.977862
1.82	0.977048
1.83	0.973963
1.84	0.975778
1.85	0.976827
1.86	0.977278
1.87	0.976461
1.88	0.974787
1.89	0.973366
1.9	0.974782
1.91	0.972901
1.92	0.971749
1.93	0.969765
1.94	0.970007
1.95	0.969973
1.96	0.969555
1.97	0.972001
1.98	0.97209
1.99	0.973397
2	0.97207
2.01	0.970858
2.02	0.973831
2.03	0.974915
2.04	0.9748
2.05	0.973153
2.06	0.970669
2.07	0.9687
2.08	0.970589
2.09	0.970077
2.1	0.967071
2.11	0.965635
2.12	0.964781
2.13	0.963668
2.14	0.961119
2.15	0.960753
2.16	0.962163
2.17	0.964055
2.18	0.965106
2.19	0.963711
2.2	0.965032
2.21	0.963051
2.22	0.963593
2.23	0.966752
2.24	0.966593
2.25	0.965343
2.26	0.964714
2.27	0.963208
2.28	0.962226
2.29	0.962185
2.3	0.961773
2.31	0.961926
2.32	0.96254
2.33	0.961233
2.34	0.961347
2.35	0.960377
2.36	0.960132
2.37	0.959334
2.38	0.959945
2.39	0.962535
2.4	0.964126
2.41	0.960093
2.42	0.958219
2.43	0.956735
2.44	0.95909
2.45	0.95838
2.46	0.958846
2.47	0.95987
2.48	0.958726
2.49	0.955939
2.5	0.954388
2.51	0.953534
2.52	0.95379
2.53	0.953504
2.54	0.951179
2.55	0.951185
2.56	0.950621
2.57	0.94981
2.58	0.952691
2.59	0.952571
2.6	0.952329
2.61	0.954001
2.62	0.954586
2.63	0.954808
2.64	0.952553
2.65	0.953087
2.66	0.951369
2.67	0.949508
2.68	0.950366
2.69	0.949438
2.7	0.946545
2.71	0.945643
2.72	0.944066
2.73	0.942159
2.74	0.944047
2.75	0.944889
2.76	0.942561
2.77	0.944408
2.78	0.944078
2.79	0.941851
2.8	0.940223
2.81	0.941024
2.82	0.940815
2.83	0.939934
2.84	0.940527
2.85	0.941647
2.86	0.943782
2.87	0.945009
2.88	0.943923
2.89	0.943079
2.9	0.94204
2.91	0.940204
2.92	0.937935
2.93	0.93851
2.94	0.939379
2.95	0.938362
2.96	0.938996
2.97	0.938575
2.98	0.937994
2.99	0.939122
3	0.938787
3.01	0.937192
3.02	0.933626
3.03	0.931523
3.04	0.931134
3.05	0.930545
3.06	0.932691
3.07	0.929549
3.08	0.929587
3.09	0.92788
3.1	0.92686
3.11	0.92787
3.12	0.928529
3.13	0.927437
3.14	0.928144
3.15	0.928835
3.16	0.928036
3.17	0.928106
3.18	0.928692
3.19	0.927098
3.2	0.927372
3.21	0.926484
3.22	0.924152
3.23	0.923998
3.24	0.924804
3.25	0.922856
3.26	0.919835
3.27	0.919058
3.28	0.920058
3.29	0.919062
3.3	0.920321
3.31	0.919412
3.32	0.919457
3.33	0.917871
3.34	0.915444
3.35	0.915378
3.36	0.916153
3.37	0.917284
3.38	0.91832
3.39	0.917695
3.4	0.917488
3.41	0.916128
3.42	0.916607
3.43	0.915089
3.44	0.915299
3.45	0.913161
3.46	0.91365
3.47	0.914143
3.48	0.912449
3.49	0.911631
3.5	0.913508
3.51	0.914192
3.52	0.913673
3.53	0.912977
3.54	0.913263
3.55	0.913895
3.56	0.913114
3.57	0.911406
3.58	0.911142
3.59	0.910976
3.6	0.912142
3.61	0.9107
3.62	0.909823
3.63	0.910458
3.64	0.909579
3.65	0.907941
3.66	0.907964
3.67	0.908004
3.68	0.907008
3.69	0.90632
3.7	0.904889
3.71	0.903176
3.72	0.903123
3.73	0.901939
3.74	0.902586
3.75	0.902499
3.76	0.901097
3.77	0.900337
3.78	0.900729
3.79	0.899576
3.8	0.898456
3.81	0.898955
3.82	0.898999
3.83	0.898437
3.84	0.897317
3.85	0.89725
3.86	0.899354
3.87	0.897811
3.88	0.895401
3.89	0.894839
3.9	0.894481
3.91	0.892681
3.92	0.891603
3.93	0.891245
3.94	0.891097
3.95	0.890932
3.96	0.891046
3.97	0.891211
3.98	0.891395
3.99	0.890435
4	0.890334
4.01	0.888699
4.02	0.88898
4.03	0.889106
4.04	0.889766
4.05	0.889604
4.06	0.890799
4.07	0.889564
4.08	0.889553
4.09	0.890449
4.1	0.889493
4.11	0.888858
4.12	0.889197
4.13	0.889218
4.14	0.890355
4.15	0.891966
4.16	0.891241
4.17	0.890059
4.18	0.888076
4.19	0.888194
4.2	0.889027
4.21	0.888773
4.22	0.888335
4.23	0.887899
4.24	0.88667
4.25	0.884866
4.26	0.884273
4.27	0.884743
4.28	0.883981
4.29	0.883841
4.3	0.884717
4.31	0.885762
4.32	0.886036
4.33	0.884548
4.34	0.88375
4.35	0.882868
4.36	0.883319
4.37	0.882693
4.38	0.882292
4.39	0.881138
4.4	0.880763
4.41	0.881424
4.42	0.881057
4.43	0.882521
4.44	0.883006
4.45	0.882623
4.46	0.882118
4.47	0.882937
4.48	0.881324
4.49	0.880706
4.5	0.880875
4.51	0.880209
4.52	0.880473
4.53	0.880311
4.54	0.879861
4.55	0.879991
4.56	0.880032
4.57	0.878323
4.58	0.87764
4.59	0.877657
4.6	0.878609
4.61	0.878522
4.62	0.87921
4.63	0.879237
4.64	0.879507
4.65	0.878233
4.66	0.878336
4.67	0.878214
4.68	0.877893
4.69	0.877262
4.7	0.878139
4.71	0.878496
4.72	0.8792
4.73	0.879647
4.74	0.879281
4.75	0.878585
4.76	0.878327
4.77	0.878084
4.78	0.877279
4.79	0.87768
4.8	0.876685
4.81	0.876492
4.82	0.876688
4.83	0.876642
4.84	0.876592
4.85	0.876451
4.86	0.875934
4.87	0.875374
4.88	0.875235
4.89	0.876569
4.9	0.876508
4.91	0.875331
4.92	0.874931
4.93	0.874522
4.94	0.874864
4.95	0.875077
4.96	0.875118
4.97	0.874656
4.98	0.874342
4.99	0.873539
5	0.873473
5.01	0.87307
5.02	0.872656
5.03	0.873945
5.04	0.874617
5.05	0.876362
5.06	0.876099
5.07	0.875917
5.08	0.876039
5.09	0.875307
5.1	0.875045
5.11	0.87442
5.12	0.874597
5.13	0.875434
5.14	0.875637
5.15	0.87485
5.16	0.873667
5.17	0.872997
5.18	0.873162
5.19	0.873854
5.2	0.873377
5.21	0.873149
5.22	0.873653
5.23	0.874017
5.24	0.874521
5.25	0.874219
5.26	0.873989
5.27	0.874016
5.28	0.873054
5.29	0.873202
5.3	0.872828
5.31	0.871975
5.32	0.871731
5.33	0.871912
5.34	0.872416
5.35	0.873393
5.36	0.873882
5.37	0.873349
5.38	0.873813
5.39	0.873718
5.4	0.87357
5.41	0.872941
5.42	0.872388
5.43	0.871955
5.44	0.872601
5.45	0.872518
5.46	0.872728
5.47	0.872145
5.48	0.872291
5.49	0.871848
5.5	0.87145
5.51	0.8713
5.52	0.871791
5.53	0.871249
5.54	0.871028
5.55	0.871388
5.56	0.871485
5.57	0.872107
5.58	0.871538
5.59	0.871479
5.6	0.871182
5.61	0.871038
5.62	0.870771
5.63	0.870047
5.64	0.870029
5.65	0.869665
5.66	0.869922
5.67	0.87
5.68	0.870823
5.69	0.870674
5.7	0.871655
5.71	0.871647
5.72	0.871279
5.73	0.871627
5.74	0.872102
5.75	0.871562
5.76	0.871187
5.77	0.870453
5.78	0.869283
5.79	0.868823
5.8	0.869216
5.81	0.86921
5.82	0.868999
5.83	0.868803
5.84	0.869002
5.85	0.869421
5.86	0.869088
5.87	0.868036
5.88	0.867361
5.89	0.867335
5.9	0.867955
5.91	0.868752
5.92	0.868507
5.93	0.868435
5.94	0.867676
5.95	0.866934
5.96	0.867053
5.97	0.866855
5.98	0.866877
5.99	0.866173
6	0.865428
6.01	0.865569
6.02	0.865996
6.03	0.866609
6.04	0.867265
6.05	0.866241
6.06	0.865877
6.07	0.865651
6.08	0.865384
6.09	0.865432
6.1	0.865423
6.11	0.865214
6.12	0.865539
6.13	0.866066
6.14	0.866207
6.15	0.866203
6.16	0.865607
6.17	0.865356
6.18	0.865755
6.19	0.866247
6.2	0.866169
6.21	0.866333
6.22	0.866283
6.23	0.865863
6.24	0.86597
6.25	0.865335
6.26	0.864796
6.27	0.864643
6.28	0.864671
6.29	0.864146
6.3	0.865292
6.31	0.865974
6.32	0.864855
6.33	0.864475
6.34	0.864323
6.35	0.864296
6.36	0.864477
6.37	0.86444
6.38	0.864633
6.39	0.864875
6.4	0.8648
6.41	0.864802
6.42	0.865788
6.43	0.865484
6.44	0.865856
6.45	0.865166
6.46	0.865001
6.47	0.864184
6.48	0.864166
6.49	0.864466
6.5	0.86445
6.51	0.864235
6.52	0.864074
6.53	0.863995
6.54	0.863727
6.55	0.86387
6.56	0.863426
6.57	0.863314
6.58	0.863203
6.59	0.863579
6.6	0.864298
6.61	0.864273
6.62	0.863904
6.63	0.863348
6.64	0.863307
6.65	0.863454
6.66	0.863778
6.67	0.863774
6.68	0.863135
6.69	0.862574
6.7	0.862594
6.71	0.863011
6.72	0.862844
6.73	0.862499
6.74	0.862728
6.75	0.863226
6.76	0.86296
6.77	0.862994
6.78	0.862985
6.79	0.862932
6.8	0.863119
6.81	0.862852
6.82	0.862751
6.83	0.86276
6.84	0.863002
6.85	0.862463
6.86	0.862235
6.87	0.86196
6.88	0.862463
6.89	0.862619
6.9	0.863299
6.91	0.862913
6.92	0.863087
6.93	0.862973
6.94	0.863239
6.95	0.863081
6.96	0.862205
6.97	0.862204
6.98	0.861406
6.99	0.861389
7	0.860732
7.01	0.861107
7.02	0.861225
7.03	0.86124
7.04	0.861122
7.05	0.861019
7.06	0.861315
7.07	0.861506
7.08	0.861301
7.09	0.860817
7.1	0.860683
7.11	0.860148
7.12	0.860267
7.13	0.860274
7.14	0.859925
7.15	0.859918
7.16	0.859618
7.17	0.859761
7.18	0.859846
7.19	0.860223
7.2	0.860678
7.21	0.860822
7.22	0.860656
7.23	0.860614
7.24	0.860726
7.25	0.86066
7.26	0.86123
7.27	0.861102
7.28	0.8607
7.29	0.860611
7.3	0.860148
7.31	0.860037
7.32	0.860236
7.33	0.859567
7.34	0.859238
7.35	0.859382
7.36	0.859173
7.37	0.859752
7.38	0.859674
7.39	0.859078
7.4	0.859855
7.41	0.859753
7.42	0.859959
7.43	0.860095
7.44	0.860484
7.45	0.860826
7.46	0.860826
7.47	0.860736
7.48	0.860683
7.49	0.860657
7.5	0.860699
7.51	0.860591
7.52	0.860286
7.53	0.859913
7.54	0.859375
7.55	0.859513
7.56	0.859676
7.57	0.859858
7.58	0.860164
7.59	0.860165
7.6	0.859735
7.61	0.859259
7.62	0.859105
7.63	0.85919
7.64	0.859895
7.65	0.859668
7.66	0.859897
7.67	0.859581
7.68	0.860135
7.69	0.860078
7.7	0.859534
7.71	0.859152
7.72	0.859648
7.73	0.859277
7.74	0.859418
7.75	0.859353
7.76	0.859144
7.77	0.858615
7.78	0.858451
7.79	0.858518
7.8	0.858317
7.81	0.859025
7.82	0.858524
7.83	0.858457
7.84	0.858116
7.85	0.858469
7.86	0.858901
7.87	0.859164
7.88	0.857916
7.89	0.857777
7.9	0.858019
7.91	0.857939
7.92	0.857437
7.93	0.857562
7.94	0.857668
7.95	0.857612
7.96	0.857183
7.97	0.856788
7.98	0.856957
7.99	0.857234
8	0.857369
8.01	0.857777
8.02	0.857803
8.03	0.858008
8.04	0.858387
8.05	0.858334
8.06	0.857507
8.07	0.857776
8.08	0.85789
8.09	0.857767
8.1	0.857892
8.11	0.858028
8.12	0.857592
8.13	0.857217
8.14	0.85697
8.15	0.856615
8.16	0.856529
8.17	0.856943
8.18	0.857309
8.19	0.857202
8.2	0.856885
8.21	0.856819
8.22	0.85697
8.23	0.856931
8.24	0.857092
8.25	0.857351
8.26	0.857443
8.27	0.858026
8.28	0.85743
8.29	0.857222
8.3	0.857383
8.31	0.857109
8.32	0.857244
8.33	0.856911
8.34	0.856683
8.35	0.856685
8.36	0.857019
8.37	0.856918
8.38	0.857286
8.39	0.856858
8.4	0.856712
8.41	0.856581
8.42	0.856588
8.43	0.856346
8.44	0.856382
8.45	0.856466
8.46	0.856192
8.47	0.856084
8.48	0.856557
8.49	0.856714
8.5	0.857076
8.51	0.856505
8.52	0.856513
8.53	0.855963
8.54	0.855534
8.55	0.855579
8.56	0.854995
8.57	0.855685
8.58	0.854566
8.59	0.855282
8.6	0.855645
8.61	0.856055
8.62	0.855983
8.63	0.855632
8.64	0.855593
8.65	0.855705
8.66	0.855288
8.67	0.855501
8.68	0.855851
8.69	0.855703
8.7	0.85653
8.71	0.856731
8.72	0.856792
8.73	0.856789
8.74	0.856604
8.75	0.856938
8.76	0.857178
8.77	0.857064
8.78	0.856893
8.79	0.856792
8.8	0.856969
8.81	0.856729
8.82	0.856574
8.83	0.85655
8.84	0.856481
8.85	0.856102
8.86	0.855958
8.87	0.855797
8.88	0.855967
8.89	0.855668
8.9	0.855445
8.91	0.855361
8.92	0.85505
8.93	0.855314
8.94	0.855682
8.95	0.855331
8.96	0.855686
8.97	0.855517
8.98	0.855262
8.99	0.855771
9	0.855673
9.01	0.855084
9.02	0.855124
9.03	0.855342
9.04	0.85462
9.05	0.854364
9.06	0.854663
9.07	0.85448
9.08	0.854326
9.09	0.854169
9.1	0.85441
9.11	0.8543
9.12	0.854071
9.13	0.854434
9.14	0.854498
9.15	0.85435
9.16	0.855085
9.17	0.854593
9.18	0.85413
9.19	0.854029
9.2	0.853469
9.21	0.85355
9.22	0.853714
9.23	0.853536
9.24	0.853298
9.25	0.853198
9.26	0.85329
9.27	0.853681
9.28	0.853893
9.29	0.853339
9.3	0.853536
9.31	0.8542
9.32	0.853444
9.33	0.853444
9.34	0.853491
9.35	0.853957
9.36	0.854384
9.37	0.854692
9.38	0.854033
9.39	0.854594
9.4	0.854477
9.41	0.854177
9.42	0.854387
9.43	0.853726
9.44	0.853882
9.45	0.853723
9.46	0.854118
9.47	0.853905
9.48	0.854266
9.49	0.854464
9.5	0.853731
9.51	0.853768
9.52	0.85379
9.53	0.853866
9.54	0.853942
9.55	0.853934
9.56	0.854242
9.57	0.853743
9.58	0.85353
9.59	0.853778
9.6	0.853498
9.61	0.853508
9.62	0.853229
9.63	0.853549
9.64	0.853646
9.65	0.853914
9.66	0.853945
9.67	0.854408
9.68	0.854253
9.69	0.854115
9.7	0.854259
9.71	0.85424
9.72	0.854313
9.73	0.853819
9.74	0.853323
9.75	0.853534
9.76	0.853621
9.77	0.853542
9.78	0.853904
9.79	0.853405
9.8	0.853565
9.81	0.853017
9.82	0.85273
9.83	0.853489
9.84	0.85354
9.85	0.853329
9.86	0.853481
9.87	0.853537
9.88	0.853163
9.89	0.852714
9.9	0.853226
9.91	0.852741
9.92	0.852189
9.93	0.852483
9.94	0.852461
9.95	0.852445
9.96	0.852405
9.97	0.852519
9.98	0.85245
9.99	0.851998
10	0.851906
10.01	0.851406
10.02	0.852017
10.03	0.852067
10.04	0.852597
10.05	0.853046
10.06	0.852923
10.07	0.852576
10.08	0.852515
10.09	0.851998
10.1	0.852106
10.11	0.852574
10.12	0.852481
10.13	0.852531
10.14	0.853009
10.15	0.852632
10.16	0.852395
10.17	0.852577
10.18	0.852395
10.19	0.852181
10.2	0.852502
10.21	0.852678
10.22	0.852527
10.23	0.852155
10.24	0.852031
10.25	0.852081
10.26	0.851739
10.27	0.851914
10.28	0.85237
10.29	0.852048
10.3	0.852281
10.31	0.852053
10.32	0.85226
10.33	0.852471
10.34	0.852576
10.35	0.852338
10.36	0.852496
10.37	0.852282
10.38	0.852083
10.39	0.851677
10.4	0.851975
10.41	0.852569
10.42	0.852548
10.43	0.852374
10.44	0.852262
10.45	0.851623
10.46	0.851534
10.47	0.851686
10.48	0.851416
10.49	0.851152
10.5	0.851231
10.51	0.8508
10.52	0.850701
10.53	0.850667
10.54	0.850479
10.55	0.850425
10.56	0.850367
10.57	0.850864
10.58	0.851096
10.59	0.851346
10.6	0.851395
10.61	0.851144
10.62	0.851091
10.63	0.851205
10.64	0.851212
10.65	0.850825
10.66	0.850572
10.67	0.850537
10.68	0.850647
10.69	0.850333
10.7	0.85019
10.71	0.85014
10.72	0.850133
10.73	0.850227
10.74	0.849957
10.75	0.850034
10.76	0.850311
10.77	0.850511
10.78	0.850725
10.79	0.850545
10.8	0.850854
10.81	0.850658
10.82	0.850485
10.83	0.850547
10.84	0.850925
10.85	0.851047
10.86	0.850926
10.87	0.850851
10.88	0.850797
10.89	0.85063
10.9	0.850662
10.91	0.85028
10.92	0.850455
10.93	0.850688
10.94	0.851034
10.95	0.850873
10.96	0.850763
10.97	0.850751
10.98	0.850637
10.99	0.85047
11	0.850487
11.01	0.850678
11.02	0.850299
11.03	0.85014
11.04	0.85025
11.05	0.85023
11.06	0.850295
11.07	0.850313
11.08	0.850533
11.09	0.850352
11.1	0.850235
11.11	0.85022
11.12	0.850052
11.13	0.850037
11.14	0.849799
11.15	0.849839
11.16	0.849593
11.17	0.849802
11.18	0.849414
11.19	0.849212
11.2	0.849558
11.21	0.849738
11.22	0.849775
11.23	0.849464
11.24	0.849399
11.25	0.849331
11.26	0.849065
11.27	0.849461
11.28	0.849638
11.29	0.849537
11.3	0.849576
11.31	0.849211
11.32	0.849466
11.33	0.849585
11.34	0.84983
11.35	0.849424
11.36	0.849394
11.37	0.849731
11.38	0.849728
11.39	0.850152
11.4	0.850153
11.41	0.85045
11.42	0.850172
11.43	0.850174
11.44	0.850086
11.45	0.850227
11.46	0.850118
11.47	0.849982
11.48	0.84985
11.49	0.849714
11.5	0.849692
11.51	0.849862
11.52	0.850091
11.53	0.850145
11.54	0.850188
11.55	0.850622
11.56	0.850541
11.57	0.850371
11.58	0.850286
11.59	0.85067
11.6	0.850626
11.61	0.850301
11.62	0.850303
11.63	0.850244
11.64	0.850257
11.65	0.850309
11.66	0.850298
11.67	0.850177
11.68	0.850554
11.69	0.850174
11.7	0.849843
11.71	0.849457
11.72	0.849188
11.73	0.848798
11.74	0.849015
11.75	0.8492
11.76	0.84928
11.77	0.849324
11.78	0.848832
11.79	0.848935
11.8	0.848806
11.81	0.84882
11.82	0.848806
11.83	0.849243
11.84	0.849738
11.85	0.84987
11.86	0.84996
11.87	0.850261
11.88	0.850084
11.89	0.850048
11.9	0.849728
11.91	0.849534
11.92	0.849573
11.93	0.849703
11.94	0.850084
11.95	0.850089
11.96	0.850075
11.97	0.849742
11.98	0.850114
11.99	0.850161
12	0.850461
12.01	0.850681
12.02	0.850244
12.03	0.850235
12.04	0.850593
12.05	0.84995
12.06	0.85001
12.07	0.849879
12.08	0.8495
12.09	0.849578
12.1	0.849459
12.11	0.849417
12.12	0.84925
12.13	0.849136
12.14	0.848997
12.15	0.848856
12.16	0.848715
12.17	0.848661
12.18	0.848716
12.19	0.848819
12.2	0.8486
12.21	0.848806
12.22	0.848635
12.23	0.848823
12.24	0.848636
12.25	0.848876
12.26	0.849146
12.27	0.849153
12.28	0.849047
12.29	0.848848
12.3	0.848499
12.31	0.84845
12.32	0.848471
12.33	0.848705
12.34	0.848571
12.35	0.848928
12.36	0.848515
12.37	0.848624
12.38	0.84858
12.39	0.848491
12.4	0.848348
12.41	0.848464
12.42	0.848593
12.43	0.8486
12.44	0.848347
12.45	0.84862
12.46	0.848431
12.47	0.848456
12.48	0.848481
12.49	0.848785
12.5	0.848867
12.51	0.848856
12.52	0.848821
12.53	0.848726
12.54	0.848706
12.55	0.849034
12.56	0.849265
12.57	0.849112
12.58	0.849528
12.59	0.849267
12.6	0.849375
12.61	0.849197
12.62	0.849108
12.63	0.848989
12.64	0.84887
12.65	0.84841
12.66	0.848603
12.67	0.848736
12.68	0.848353
12.69	0.848172
12.7	0.848071
12.71	0.848433
12.72	0.848414
12.73	0.848339
12.74	0.848604
12.75	0.848251
12.76	0.848295
12.77	0.848346
12.78	0.848571
12.79	0.848452
12.8	0.848697
12.81	0.848713
12.82	0.848643
12.83	0.848577
12.84	0.848359
12.85	0.848496
12.86	0.848487
12.87	0.848383
12.88	0.848718
12.89	0.848609
12.9	0.848729
12.91	0.848495
12.92	0.848558
12.93	0.848794
12.94	0.848576
12.95	0.848716
12.96	0.848634
12.97	0.848666
12.98	0.848962
12.99	0.848849
13	0.84913
13.01	0.849011
13.02	0.84913
13.03	0.848655
13.04	0.848721
13.05	0.848833
13.06	0.848327
13.07	0.848004
13.08	0.847934
13.09	0.847948
13.1	0.847998
13.11	0.848093
13.12	0.847845
13.13	0.84794
13.14	0.847925
13.15	0.847785
13.16	0.847587
13.17	0.847419
13.18	0.847677
13.19	0.847645
13.2	0.847641
13.21	0.847414
13.22	0.847697
13.23	0.847631
13.24	0.847607
13.25	0.847472
13.26	0.847333
13.27	0.847816
13.28	0.847224
13.29	0.847411
13.3	0.847416
13.31	0.847729
13.32	0.847546
13.33	0.84789
13.34	0.847965
13.35	0.847686
13.36	0.84806
13.37	0.848252
13.38	0.847958
13.39	0.847901
13.4	0.847678
13.41	0.847571
13.42	0.847568
13.43	0.84727
13.44	0.847317
13.45	0.84732
13.46	0.847163
13.47	0.84755
13.48	0.847232
13.49	0.847494
13.5	0.847272
13.51	0.847393
13.52	0.847357
13.53	0.847312
13.54	0.847236
13.55	0.847559
13.56	0.847703
13.57	0.847496
13.58	0.847541
13.59	0.847165
13.6	0.84717
13.61	0.84742
13.62	0.847289
13.63	0.847557
13.64	0.847646
13.65	0.847657
13.66	0.847656
13.67	0.847999
13.68	0.847393
13.69	0.847689
13.7	0.847626
13.71	0.84741
13.72	0.84689
13.73	0.847397
13.74	0.847076
13.75	0.846786
13.76	0.84687
13.77	0.846824
13.78	0.84681
13.79	0.846832
13.8	0.846488
13.81	0.846634
13.82	0.846492
13.83	0.84671
13.84	0.847055
13.85	0.846913
13.86	0.847117
13.87	0.846943
13.88	0.846938
13.89	0.846894
13.9	0.847437
13.91	0.846879
13.92	0.847144
13.93	0.84691
13.94	0.846687
13.95	0.846991
13.96	0.847075
13.97	0.846933
13.98	0.847174
13.99	0.847331
14	0.847404
14.01	0.846955
14.02	0.847225
14.03	0.847288
14.04	0.847282
14.05	0.847574
14.06	0.847161
14.07	0.847449
14.08	0.847071
14.09	0.847234
14.1	0.846948
14.11	0.847075
14.12	0.847085
14.13	0.847056
14.14	0.846826
14.15	0.847017
14.16	0.847378
14.17	0.847121
14.18	0.847203
14.19	0.847047
14.2	0.847152
14.21	0.847154
14.22	0.847208
14.23	0.847378
14.24	0.847459
14.25	0.847527
14.26	0.84708
14.27	0.847178
14.28	0.847263
14.29	0.847222
14.3	0.847303
14.31	0.846638
14.32	0.846449
14.33	0.84692
14.34	0.846603
14.35	0.846818
14.36	0.846991
14.37	0.846873
14.38	0.84685
14.39	0.84678
14.4	0.846683
14.41	0.846642
14.42	0.846848
14.43	0.846704
14.44	0.846683
14.45	0.846837
14.46	0.846553
14.47	0.846847
14.48	0.846821
14.49	0.847142
14.5	0.846973
14.51	0.847055
14.52	0.847355
14.53	0.847263
14.54	0.84706
14.55	0.847286
14.56	0.84704
14.57	0.847033
14.58	0.847241
14.59	0.847142
14.6	0.846793
14.61	0.846686
14.62	0.84686
14.63	0.847093
14.64	0.847074
14.65	0.846993
14.66	0.846628
14.67	0.846523
14.68	0.847212
14.69	0.847005
14.7	0.846628
14.71	0.84691
14.72	0.846856
14.73	0.846913
14.74	0.847127
14.75	0.846971
14.76	0.846968
14.77	0.846999
14.78	0.847161
14.79	0.847154
14.8	0.847245
14.81	0.847119
14.82	0.847065
14.83	0.846929
14.84	0.846783
14.85	0.846596
14.86	0.846785
14.87	0.846608
14.88	0.846574
14.89	0.846454
14.9	0.846524
14.91	0.846389
14.92	0.846441
14.93	0.846596
14.94	0.846508
14.95	0.846338
14.96	0.846488
14.97	0.846652
14.98	0.846331
14.99	0.846467
15	0.846373
15.01	0.846192
15.02	0.846306
15.03	0.84608
15.04	0.846153
15.05	0.846486
15.06	0.846386
15.07	0.846589
15.08	0.846711
15.09	0.846781
15.1	0.846554
15.11	0.846383
15.12	0.846616
15.13	0.846466
15.14	0.846485
15.15	0.846486
15.16	0.846654
15.17	0.846571
15.18	0.846492
15.19	0.84637
15.2	0.846331
15.21	0.846207
15.22	0.846152
15.23	0.846348
15.24	0.846145
15.25	0.846192
15.26	0.846141
15.27	0.846096
15.28	0.845995
15.29	0.845951
15.3	0.845829
15.31	0.845582
15.32	0.845767
15.33	0.845739
15.34	0.845721
15.35	0.845898
15.36	0.846117
15.37	0.846102
15.38	0.84606
15.39	0.846108
15.4	0.8458
15.41	0.845828
15.42	0.845959
15.43	0.84582
15.44	0.845816
15.45	0.845502
15.46	0.845649
15.47	0.845699
15.48	0.845527
15.49	0.845182
15.5	0.845108
15.51	0.845284
15.52	0.845507
15.53	0.845262
15.54	0.845272
15.55	0.845524
15.56	0.845251
15.57	0.845544
15.58	0.845593
15.59	0.845499
15.6	0.845609
15.61	0.845647
15.62	0.845693
15.63	0.845514
15.64	0.845686
15.65	0.845597
15.66	0.845645
15.67	0.845566
15.68	0.845803
15.69	0.845747
15.7	0.845538
15.71	0.845531
15.72	0.845956
15.73	0.845591
15.74	0.845644
15.75	0.845471
15.76	0.845516
15.77	0.845344
15.78	0.845487
15.79	0.845806
15.8	0.845705
15.81	0.84577
15.82	0.845818
15.83	0.845854
15.84	0.845611
15.85	0.845841
15.86	0.845556
15.87	0.84568
15.88	0.845416
15.89	0.845435
15.9	0.845499
15.91	0.845753
15.92	0.8457
15.93	0.845701
15.94	0.845416
15.95	0.845612
15.96	0.846016
15.97	0.845845
15.98	0.845562
15.99	0.845347
16	0.845782
16.01	0.845348
16.02	0.845469
16.03	0.845436
16.04	0.845563
16.05	0.845377
16.06	0.845496
16.07	0.845499
16.08	0.845254
16.09	0.845158
16.1	0.845021
16.11	0.845074
16.12	0.84519
16.13	0.845246
16.14	0.845424
16.15	0.845449
16.16	0.845636
16.17	0.845806
16.18	0.845587
16.19	0.845377
16.2	0.845369
16.21	0.845403
16.22	0.845288
16.23	0.845414
16.24	0.845319
16.25	0.845235
16.26	0.845097
16.27	0.845308
16.28	0.844973
16.29	0.844988
16.3	0.844955
16.31	0.844753
16.32	0.844997
16.33	0.845164
16.34	0.84497
16.35	0.845259
16.36	0.845119
16.37	0.845141
16.38	0.8453
16.39	0.845377
16.4	0.845656
16.41	0.845515
16.42	0.84547
16.43	0.84521
16.44	0.84527
16.45	0.845122
16.46	0.84524
16.47	0.844773
16.48	0.84514
16.49	0.845018
16.5	0.844769
16.51	0.844894
16.52	0.84483
16.53	0.84489
16.54	0.844992
16.55	0.844892
16.56	0.845082
16.57	0.845287
16.58	0.84529
16.59	0.845492
16.6	0.845302
16.61	0.845291
16.62	0.844996
16.63	0.844901
16.64	0.845257
16.65	0.844654
16.66	0.844996
16.67	0.844954
16.68	0.845007
16.69	0.845016
16.7	0.844906
16.71	0.844922
16.72	0.845109
16.73	0.844854
16.74	0.844693
16.75	0.844826
16.76	0.844879
16.77	0.845039
16.78	0.84502
16.79	0.845158
16.8	0.845041
16.81	0.844995
16.82	0.845031
16.83	0.844859
16.84	0.844934
16.85	0.844834
16.86	0.844919
16.87	0.845038
16.88	0.845014
16.89	0.845036
16.9	0.845084
16.91	0.845339
16.92	0.845046
16.93	0.845165
16.94	0.844606
16.95	0.844969
16.96	0.844822
16.97	0.844472
16.98	0.84461
16.99	0.844605
17	0.844594
17.01	0.8447
17.02	0.84448
17.03	0.844402
17.04	0.844486
17.05	0.844527
17.06	0.844614
17.07	0.844647
17.08	0.844706
17.09	0.844756
17.1	0.844811
17.11	0.844796
17.12	0.844977
17.13	0.845036
17.14	0.845067
17.15	0.84495
17.16	0.84473
17.17	0.844649
17.18	0.844796
17.19	0.844458
17.2	0.844399
17.21	0.84464
17.22	0.84452
17.23	0.844505
17.24	0.844284
17.25	0.84449
17.26	0.844538
17.27	0.844569
17.28	0.844768
17.29	0.844265
17.3	0.84421
17.31	0.844283
17.32	0.844405
17.33	0.844552
17.34	0.844506
17.35	0.844261
17.36	0.844168
17.37	0.844283
17.38	0.84404
17.39	0.843983
17.4	0.844047
17.41	0.844151
17.42	0.843908
17.43	0.843874
17.44	0.844082
17.45	0.843924
17.46	0.843979
17.47	0.844108
17.48	0.844198
17.49	0.844435
17.5	0.844092
17.51	0.844259
17.52	0.844193
17.53	0.844179
17.54	0.844117
17.55	0.844028
17.56	0.843991
17.57	0.844033
17.58	0.84409
17.59	0.844197
17.6	0.844168
17.61	0.843926
17.62	0.843686
17.63	0.843707
17.64	0.843843
17.65	0.843556
17.66	0.843476
17.67	0.843538
17.68	0.843524
17.69	0.843517
17.7	0.843437
17.71	0.843339
17.72	0.84314
17.73	0.843286
17.74	0.843357
17.75	0.843578
17.76	0.84366
17.77	0.84375
17.78	0.843798
17.79	0.843747
17.8	0.843682
17.81	0.843804
17.82	0.843816
17.83	0.843644
17.84	0.84367
17.85	0.84382
17.86	0.843759
17.87	0.843865
17.88	0.843866
17.89	0.84384
17.9	0.84382
17.91	0.843693
17.92	0.843446
17.93	0.84352
17.94	0.843534
17.95	0.843666
17.96	0.843468
17.97	0.843431
17.98	0.843516
17.99	0.843612
18	0.843629
18.01	0.843718
18.02	0.84362
18.03	0.843612
18.04	0.843658
18.05	0.843777
18.06	0.843668
18.07	0.843583
18.08	0.843454
18.09	0.843474
18.1	0.843256
18.11	0.843314
18.12	0.843266
18.13	0.843409
18.14	0.843576
18.15	0.843683
18.16	0.843706
18.17	0.843555
18.18	0.84349
18.19	0.843485
18.2	0.84326
18.21	0.843293
18.22	0.843431
18.23	0.843331
18.24	0.843284
18.25	0.843398
18.26	0.843674
18.27	0.843741
18.28	0.843716
18.29	0.843717
18.3	0.844151
18.31	0.843784
18.32	0.843811
18.33	0.843906
18.34	0.843993
18.35	0.843901
18.36	0.843858
18.37	0.843778
18.38	0.843668
18.39	0.843625
18.4	0.843569
18.41	0.84366
18.42	0.843653
18.43	0.843532
18.44	0.843532
18.45	0.843758
18.46	0.843429
18.47	0.843676
18.48	0.843485
18.49	0.843602
18.5	0.843498
18.51	0.843528
18.52	0.843391
18.53	0.843367
18.54	0.843243
18.55	0.843211
18.56	0.843155
18.57	0.843163
18.58	0.843102
18.59	0.842968
18.6	0.843064
18.61	0.843282
18.62	0.843376
18.63	0.843369
18.64	0.843345
18.65	0.843456
18.66	0.843625
18.67	0.843316
18.68	0.843395
18.69	0.843349
18.7	0.843749
18.71	0.843386
18.72	0.843294
18.73	0.843681
18.74	0.843494
18.75	0.843572
18.76	0.843533
18.77	0.843631
18.78	0.843607
18.79	0.843626
18.8	0.843439
18.81	0.843161
18.82	0.843117
18.83	0.843056
18.84	0.843114
18.85	0.843043
18.86	0.843181
18.87	0.843129
18.88	0.843219
18.89	0.84345
18.9	0.843184
18.91	0.843174
18.92	0.843003
18.93	0.842949
18.94	0.842898
18.95	0.842726
18.96	0.843102
18.97	0.843233
18.98	0.842778
18.99	0.843113
19	0.843188
19.01	0.84331
19.02	0.843322
19.03	0.843381
19.04	0.843422
19.05	0.843529
19.06	0.843626
19.07	0.84369
19.08	0.843631
19.09	0.843447
19.1	0.843254
19.11	0.843108
19.12	0.84332
19.13	0.843316
19.14	0.843175
19.15	0.843209
19.16	0.843149
19.17	0.842967
19.18	0.842949
19.19	0.842925
19.2	0.842853
19.21	0.842781
19.22	0.842928
19.23	0.843002
19.24	0.843062
19.25	0.843102
19.26	0.842895
19.27	0.842876
19.28	0.842909
19.29	0.842766
19.3	0.843012
19.31	0.843057
19.32	0.843001
19.33	0.84298
19.34	0.843128
19.35	0.842988
19.36	0.842892
19.37	0.84318
19.38	0.842979
19.39	0.842834
19.4	0.842797
19.41	0.842835
19.42	0.842732
19.43	0.842595
19.44	0.842585
19.45	0.842604
19.46	0.842637
19.47	0.842653
19.48	0.842713
19.49	0.84281
19.5	0.84282
19.51	0.842925
19.52	0.843151
19.53	0.843261
19.54	0.84317
19.55	0.84305
19.56	0.842806
19.57	0.842801
19.58	0.842671
19.59	0.842531
19.6	0.842486
19.61	0.842671
19.62	0.842567
19.63	0.842695
19.64	0.842788
19.65	0.842732
19.66	0.842938
19.67	0.842946
19.68	0.842972
19.69	0.843117
19.7	0.843138
19.71	0.84312
19.72	0.843084
19.73	0.84278
19.74	0.842815
19.75	0.842724
19.76	0.842962
19.77	0.842773
19.78	0.842635
19.79	0.842385
19.8	0.842447
19.81	0.842489
19.82	0.84245
19.83	0.842551
19.84	0.842621
19.85	0.842411
19.86	0.842501
19.87	0.84259
19.88	0.842572
19.89	0.842476
19.9	0.842524
19.91	0.842425
19.92	0.842455
19.93	0.842604
19.94	0.842625
19.95	0.842739
19.96	0.842797
19.97	0.842754
19.98	0.84259
19.99	0.842682
20	0.842684
19.99	0.842558
19.98	0.842523
19.97	0.84265
19.96	0.842649
19.95	0.842714
19.94	0.84271
19.93	0.842632
19.92	0.842556
19.91	0.84247
19.9	0.842397
19.89	0.842471
19.88	0.842569
19.87	0.842534
19.86	0.842593
19.85	0.842619
19.84	0.842652
19.83	0.842616
19.82	0.842704
19.81	0.842551
19.8	0.842525
19.79	0.842448
19.78	0.842218
19.77	0.842131
19.76	0.842153
19.75	0.842184
19.74	0.842377
19.73	0.84246
19.72	0.842715
19.71	0.842629
19.7	0.842564
19.69	0.842761
19.68	0.842659
19.67	0.842707
19.66	0.842744
19.65	0.842711
19.64	0.842998
19.63	0.843079
19.62	0.843015
19.61	0.842973
19.6	0.842853
19.59	0.842847
19.58	0.842885
19.57	0.842795
19.56	0.842897
19.55	0.84283
19.54	0.842726
19.53	0.842886
19.52	0.842918
19.51	0.842919
19.5	0.842684
19.49	0.842609
19.48	0.842608
19.47	0.842703
19.46	0.843016
19.45	0.843106
19.44	0.842867
19.43	0.842893
19.42	0.843003
19.41	0.842865
19.4	0.842972
19.39	0.842743
19.38	0.842955
19.37	0.842832
19.36	0.842723
19.35	0.842751
19.34	0.842826
19.33	0.842992
19.32	0.843062
19.31	0.842649
19.3	0.842578
19.29	0.84264
19.28	0.842577
19.27	0.842808
19.26	0.842581
19.25	0.842722
19.24	0.842622
19.23	0.842737
19.22	0.842842
19.21	0.842811
19.2	0.843043
19.19	0.843043
19.18	0.843274
19.17	0.843326
19.16	0.843243
19.15	0.843132
19.14	0.843223
19.13	0.843192
19.12	0.843472
19.11	0.843062
19.1	0.842989
19.09	0.842997
19.08	0.842946
19.07	0.843131
19.06	0.843204
19.05	0.843136
19.04	0.843282
19.03	0.843525
19.02	0.843394
19.01	0.843372
19	0.84356
18.99	0.843455
18.98	0.843303
18.97	0.843291
18.96	0.843306
18.95	0.843408
18.94	0.843254
18.93	0.843349
18.92	0.843264
18.91	0.842991
18.9	0.842946
18.89	0.842826
18.88	0.842728
18.87	0.842703
18.86	0.842838
18.85	0.842804
18.84	0.842889
18.83	0.842958
18.82	0.843044
18.81	0.842961
18.8	0.843044
18.79	0.842852
18.78	0.842864
18.77	0.842457
18.76	0.842199
18.75	0.842288
18.74	0.842529
18.73	0.842394
18.72	0.842566
18.71	0.842502
18.7	0.842706
18.69	0.842942
18.68	0.843194
18.67	0.842994
18.66	0.842958
18.65	0.843085
18.64	0.843012
18.63	0.842615
18.62	0.842856
18.61	0.842617
18.6	0.842768
18.59	0.8428
18.58	0.842927
18.57	0.843099
18.56	0.843335
18.55	0.84348
18.54	0.843369
18.53	0.843377
18.52	0.84363
18.51	0.84358
18.5	0.843408
18.49	0.843241
18.48	0.843387
18.47	0.843282
18.46	0.842978
18.45	0.843111
18.44	0.842904
18.43	0.842913
18.42	0.842978
18.41	0.842935
18.4	0.842976
18.39	0.843377
18.38	0.843443
18.37	0.843295
18.36	0.843303
18.35	0.843454
18.34	0.843651
18.33	0.843668
18.32	0.843494
18.31	0.843343
18.3	0.843326
18.29	0.843515
18.28	0.843569
18.27	0.843605
18.26	0.843913
18.25	0.843677
18.24	0.843491
18.23	0.843613
18.22	0.843523
18.21	0.843447
18.2	0.843525
18.19	0.843453
18.18	0.843456
18.17	0.843568
18.16	0.843552
18.15	0.843711
18.14	0.843912
18.13	0.843944
18.12	0.843495
18.11	0.843387
18.1	0.843409
18.09	0.843412
18.08	0.843536
18.07	0.84348
18.06	0.843729
18.05	0.843834
18.04	0.844087
18.03	0.843871
18.02	0.843877
18.01	0.843671
18	0.843604
17.99	0.843775
17.98	0.8437
17.97	0.843676
17.96	0.843662
17.95	0.84379
17.94	0.843701
17.93	0.843618
17.92	0.843642
17.91	0.84362
17.9	0.843501
17.89	0.843531
17.88	0.843507
17.87	0.843618
17.86	0.843696
17.85	0.843684
17.84	0.843754
17.83	0.843738
17.82	0.843693
17.81	0.843537
17.8	0.843454
17.79	0.843584
17.78	0.843735
17.77	0.84377
17.76	0.843804
17.75	0.843932
17.74	0.844027
17.73	0.843874
17.72	0.843727
17.71	0.843878
17.7	0.843742
17.69	0.843706
17.68	0.843809
17.67	0.843512
17.66	0.843493
17.65	0.843417
17.64	0.843344
17.63	0.84346
17.62	0.843523
17.61	0.843479
17.6	0.843486
17.59	0.843493
17.58	0.843681
17.57	0.84356
17.56	0.8436
17.55	0.843469
17.54	0.843666
17.53	0.843617
17.52	0.843875
17.51	0.843756
17.5	0.843768
17.49	0.843847
17.48	0.843889
17.47	0.843879
17.46	0.843973
17.45	0.84392
17.44	0.843976
17.43	0.844026
17.42	0.843861
17.41	0.843903
17.4	0.844
17.39	0.844118
17.38	0.844459
17.37	0.844397
17.36	0.844346
17.35	0.844215
17.34	0.844174
17.33	0.844151
17.32	0.84412
17.31	0.844111
17.3	0.844095
17.29	0.844058
17.28	0.844171
17.27	0.843875
17.26	0.844178
17.25	0.844183
17.24	0.844223
17.23	0.84402
17.22	0.844021
17.21	0.844034
17.2	0.843875
17.19	0.84384
17.18	0.844194
17.17	0.843961
17.16	0.844009
17.15	0.84417
17.14	0.844068
17.13	0.844135
17.12	0.844178
17.11	0.844257
17.1	0.844343
17.09	0.844138
17.08	0.844114
17.07	0.84403
17.06	0.844155
17.05	0.844404
17.04	0.844386
17.03	0.84441
17.02	0.844484
17.01	0.844583
17	0.844675
16.99	0.844595
16.98	0.844667
16.97	0.844648
16.96	0.844596
16.95	0.844782
16.94	0.844661
16.93	0.844584
16.92	0.844615
16.91	0.844638
16.9	0.844388
16.89	0.844442
16.88	0.844446
16.87	0.844406
16.86	0.844353
16.85	0.844411
16.84	0.844257
16.83	0.844324
16.82	0.844163
16.81	0.844133
16.8	0.843938
16.79	0.844081
16.78	0.844131
16.77	0.844152
16.76	0.84398
16.75	0.843835
16.74	0.843675
16.73	0.843763
16.72	0.84377
16.71	0.844127
16.7	0.844191
16.69	0.844111
16.68	0.844089
16.67	0.844136
16.66	0.84438
16.65	0.844321
16.64	0.844246
16.63	0.84428
16.62	0.844332
16.61	0.844294
16.6	0.844356
16.59	0.844236
16.58	0.844406
16.57	0.844239
16.56	0.844348
16.55	0.84421
16.54	0.844368
16.53	0.844576
16.52	0.84438
16.51	0.844495
16.5	0.844399
16.49	0.844384
16.48	0.844261
16.47	0.844334
16.46	0.844294
16.45	0.844489
16.44	0.84458
16.43	0.844625
16.42	0.844583
16.41	0.84454
16.4	0.844524
16.39	0.844399
16.38	0.844293
16.37	0.844321
16.36	0.844411
16.35	0.84442
16.34	0.844652
16.33	0.844587
16.32	0.844485
16.31	0.844411
16.3	0.844368
16.29	0.84428
16.28	0.844303
16.27	0.844377
16.26	0.843757
16.25	0.843858
16.24	0.843912
16.23	0.844005
16.22	0.844347
16.21	0.844387
16.2	0.844677
16.19	0.844521
16.18	0.844669
16.17	0.844575
16.16	0.844747
16.15	0.844703
16.14	0.844686
16.13	0.844723
16.12	0.844644
16.11	0.844644
16.1	0.844846
16.09	0.844649
16.08	0.844677
16.07	0.844855
16.06	0.844976
16.05	0.845059
16.04	0.845192
16.03	0.844738
16.02	0.844677
16.01	0.844703
16	0.84468
15.99	0.844703
15.98	0.844601
15.97	0.844441
15.96	0.844194
15.95	0.844242
15.94	0.844296
15.93	0.844717
15.92	0.844991
15.91	0.844967
15.9	0.845059
15.89	0.845022
15.88	0.845074
15.87	0.844907
15.86	0.844709
15.85	0.844654
15.84	0.844563
15.83	0.844536
15.82	0.844583
15.81	0.844335
15.8	0.844252
15.79	0.844161
15.78	0.844303
15.77	0.84452
15.76	0.844574
15.75	0.844463
15.74	0.844383
15.73	0.844486
15.72	0.844423
15.71	0.844476
15.7	0.844336
15.69	0.84431
15.68	0.844189
15.67	0.844159
15.66	0.844185
15.65	0.84429
15.64	0.844232
15.63	0.844148
15.62	0.844297
15.61	0.844224
15.6	0.84427
15.59	0.844412
15.58	0.844337
15.57	0.844501
15.56	0.844487
15.55	0.84439
15.54	0.844271
15.53	0.844465
15.52	0.844464
15.51	0.844578
15.5	0.84453
15.49	0.844627
15.48	0.844634
15.47	0.844431
15.46	0.844636
15.45	0.844331
15.44	0.844365
15.43	0.844414
15.42	0.844718
15.41	0.844776
15.4	0.844547
15.39	0.844622
15.38	0.844622
15.37	0.844617
15.36	0.844476
15.35	0.844589
15.34	0.844709
15.33	0.844706
15.32	0.844778
15.31	0.844666
15.3	0.844795
15.29	0.84479
15.28	0.844854
15.27	0.844836
15.26	0.844814
15.25	0.845017
15.24	0.845119
15.23	0.845211
15.22	0.845144
15.21	0.845163
15.2	0.845361
15.19	0.845104
15.18	0.845322
15.17	0.845435
15.16	0.845507
15.15	0.84549
15.14	0.845331
15.13	0.845795
15.12	0.84569
15.11	0.84557
15.1	0.845534
15.09	0.845385
15.08	0.845409
15.07	0.845468
15.06	0.845292
15.05	0.845288
15.04	0.845455
15.03	0.84555
15.02	0.84565
15.01	0.84571
15	0.845757
14.99	0.845608
14.98	0.845293
14.97	0.845478
14.96	0.845572
14.95	0.845627
14.94	0.845576
14.93	0.845834
14.92	0.84561
14.91	0.845658
14.9	0.845773
14.89	0.845901
14.88	0.845774
14.87	0.845913
14.86	0.845539
14.85	0.84546
14.84	0.845277
14.83	0.845345
14.82	0.845226
14.81	0.84553
14.8	0.845364
14.79	0.845642
14.78	0.845884
14.77	0.845429
14.76	0.845244
14.75	0.845213
14.74	0.845308
14.73	0.845283
14.72	0.845667
14.71	0.845737
14.7	0.845524
14.69	0.845588
14.68	0.845527
14.67	0.845639
14.66	0.845798
14.65	0.845644
14.64	0.845832
14.63	0.845914
14.62	0.846142
14.61	0.846563
14.6	0.84648
14.59	0.846322
14.58	0.84621
14.57	0.846219
14.56	0.846459
14.55	0.846363
14.54	0.846375
14.53	0.846195
14.52	0.846095
14.51	0.845933
14.5	0.845777
14.49	0.845884
14.48	0.84608
14.47	0.846005
14.46	0.845983
14.45	0.845923
14.44	0.845815
14.43	0.846035
14.42	0.846157
14.41	0.845953
14.4	0.845781
14.39	0.845594
14.38	0.845555
14.37	0.84558
14.36	0.845685
14.35	0.845675
14.34	0.845578
14.33	0.845792
14.32	0.845738
14.31	0.845698
14.3	0.845879
14.29	0.845902
14.28	0.845821
14.27	0.845773
14.26	0.846023
14.25	0.846022
14.24	0.845841
14.23	0.845911
14.22	0.846013
14.21	0.846013
14.2	0.846003
14.19	0.845838
14.18	0.845838
14.17	0.845739
14.16	0.84563
14.15	0.845483
14.14	0.845669
14.13	0.845853
14.12	0.845839
14.11	0.845823
14.1	0.845948
14.09	0.84589
14.08	0.845826
14.07	0.845741
14.06	0.84571
14.05	0.845736
14.04	0.846072
14.03	0.846265
14.02	0.846159
14.01	0.846033
14	0.845904
13.99	0.846043
13.98	0.846064
13.97	0.845842
13.96	0.845936
13.95	0.845897
13.94	0.845666
13.93	0.845551
13.92	0.845883
13.91	0.845933
13.9	0.846208
13.89	0.846049
13.88	0.84633
13.87	0.846363
13.86	0.846458
13.85	0.846672
13.84	0.846596
13.83	0.846569
13.82	0.846684
13.81	0.846933
13.8	0.84691
13.79	0.846934
13.78	0.846742
13.77	0.846657
13.76	0.846338
13.75	0.84636
13.74	0.846378
13.73	0.846647
13.72	0.846685
13.71	0.846855
13.7	0.846952
13.69	0.846991
13.68	0.846825
13.67	0.846892
13.66	0.846994
13.65	0.847179
13.64	0.847026
13.63	0.847194
13.62	0.847414
13.61	0.847077
13.6	0.847076
13.59	0.846637
13.58	0.84669
13.57	0.846571
13.56	0.846526
13.55	0.846613
13.54	0.846789
13.53	0.846768
13.52	0.846698
13.51	0.846855
13.5	0.847211
13.49	0.847332
13.48	0.847273
13.47	0.847281
13.46	0.847419
13.45	0.847672
13.44	0.847783
13.43	0.847697
13.42	0.847627
13.41	0.847418
13.4	0.847427
13.39	0.847281
13.38	0.847579
13.37	0.848046
13.36	0.847989
13.35	0.848091
13.34	0.847774
13.33	0.847704
13.32	0.847672
13.31	0.847278
13.3	0.847062
13.29	0.847027
13.28	0.846825
13.27	0.846543
13.26	0.846372
13.25	0.846422
13.24	0.846355
13.23	0.846597
13.22	0.846851
13.21	0.846691
13.2	0.846427
13.19	0.846381
13.18	0.84631
13.17	0.846182
13.16	0.846193
13.15	0.846196
13.14	0.846186
13.13	0.846285
13.12	0.846182
13.11	0.846139
13.1	0.846395
13.09	0.846439
13.08	0.846601
13.07	0.846885
13.06	0.846933
13.05	0.846981
13.04	0.846867
13.03	0.846625
13.02	0.846864
13.01	0.846877
13	0.847055
12.99	0.847224
12.98	0.847084
12.97	0.847082
12.96	0.847261
12.95	0.847413
12.94	0.847252
12.93	0.846826
12.92	0.846799
12.91	0.846658
12.9	0.846605
12.89	0.847031
12.88	0.847021
12.87	0.847098
12.86	0.847118
12.85	0.847221
12.84	0.847299
12.83	0.847225
12.82	0.847358
12.81	0.847224
12.8	0.847301
12.79	0.847296
12.78	0.84725
12.77	0.847424
12.76	0.847435
12.75	0.847319
12.74	0.847404
12.73	0.847462
12.72	0.847507
12.71	0.847537
12.7	0.847473
12.69	0.847521
12.68	0.847701
12.67	0.847737
12.66	0.847849
12.65	0.847743
12.64	0.847752
12.63	0.847897
12.62	0.848029
12.61	0.848088
12.6	0.847746
12.59	0.84803
12.58	0.848271
12.57	0.848291
12.56	0.848298
12.55	0.848475
12.54	0.848384
12.53	0.848375
12.52	0.848913
12.51	0.84927
12.5	0.848679
12.49	0.848409
12.48	0.848203
12.47	0.848516
12.46	0.848512
12.45	0.848321
12.44	0.848263
12.43	0.848493
12.42	0.848494
12.41	0.848698
12.4	0.848562
12.39	0.848004
12.38	0.847952
12.37	0.848036
12.36	0.84802
12.35	0.847909
12.34	0.847733
12.33	0.847882
12.32	0.847708
12.31	0.847803
12.3	0.847644
12.29	0.847651
12.28	0.847851
12.27	0.84768
12.26	0.847631
12.25	0.847893
12.24	0.847994
12.23	0.847953
12.22	0.8482
12.21	0.84802
12.2	0.847992
12.19	0.84811
12.18	0.848293
12.17	0.847974
12.16	0.84781
12.15	0.847935
12.14	0.847888
12.13	0.84796
12.12	0.847944
12.11	0.848512
12.1	0.84821
12.09	0.848378
12.08	0.848214
12.07	0.848329
12.06	0.84794
12.05	0.847925
12.04	0.848075
12.03	0.8481
12.02	0.848295
12.01	0.848087
12	0.84777
11.99	0.847894
11.98	0.847784
11.97	0.84776
11.96	0.847685
11.95	0.84769
11.94	0.847665
11.93	0.847654
11.92	0.847953
11.91	0.847916
11.9	0.847699
11.89	0.847726
11.88	0.84787
11.87	0.84784
11.86	0.84798
11.85	0.848288
11.84	0.848183
11.83	0.848214
11.82	0.848407
11.81	0.84838
11.8	0.848888
11.79	0.84926
11.78	0.849361
11.77	0.84923
11.76	0.849381
11.75	0.849444
11.74	0.849418
11.73	0.849438
11.72	0.849538
11.71	0.849441
11.7	0.849365
11.69	0.849228
11.68	0.849217
11.67	0.849226
11.66	0.849087
11.65	0.848982
11.64	0.849092
11.63	0.849065
11.62	0.84876
11.61	0.848717
11.6	0.848988
11.59	0.849054
11.58	0.848742
11.57	0.848754
11.56	0.848773
11.55	0.848614
11.54	0.848601
11.53	0.848518
11.52	0.848733
11.51	0.848786
11.5	0.848918
11.49	0.849128
11.48	0.848703
11.47	0.848926
11.46	0.848918
11.45	0.849007
11.44	0.848982
11.43	0.848933
11.42	0.849024
11.41	0.849189
11.4	0.849408
11.39	0.849127
11.38	0.849057
11.37	0.8488
11.36	0.848729
11.35	0.848877
11.34	0.848922
11.33	0.848983
11.32	0.848982
11.31	0.849004
11.3	0.849237
11.29	0.84926
11.28	0.849111
11.27	0.848943
11.26	0.849239
11.25	0.849289
11.24	0.849245
11.23	0.849439
11.22	0.849633
11.21	0.849562
11.2	0.849373
11.19	0.849498
11.18	0.849382
11.17	0.849274
11.16	0.8494
11.15	0.849467
11.14	0.849203
11.13	0.849054
11.12	0.848925
11.11	0.849036
11.1	0.848881
11.09	0.84896
11.08	0.849152
11.07	0.849328
11.06	0.849439
11.05	0.8494
11.04	0.849798
11.03	0.849822
11.02	0.850089
11.01	0.850101
11	0.850168
10.99	0.850212
10.98	0.849963
10.97	0.850046
10.96	0.849969
10.95	0.85016
10.94	0.850214
10.93	0.850291
10.92	0.850223
10.91	0.85051
10.9	0.850838
10.89	0.851005
10.88	0.850722
10.87	0.850559
10.86	0.850214
10.85	0.849992
10.84	0.850217
10.83	0.849806
10.82	0.850017
10.81	0.850208
10.8	0.849787
10.79	0.849764
10.78	0.849855
10.77	0.850088
10.76	0.850402
10.75	0.850563
10.74	0.850698
10.73	0.850591
10.72	0.850544
10.71	0.85037
10.7	0.850185
10.69	0.849926
10.68	0.850109
10.67	0.850133
10.66	0.850351
10.65	0.850449
10.64	0.850493
10.63	0.850657
10.62	0.850625
10.61	0.850833
10.6	0.85066
10.59	0.850454
10.58	0.850536
10.57	0.850742
10.56	0.850939
10.55	0.850829
10.54	0.850978
10.53	0.851045
10.52	0.851361
10.51	0.851329
10.5	0.851396
10.49	0.851275
10.48	0.851206
10.47	0.851098
10.46	0.851123
10.45	0.851153
10.44	0.851351
10.43	0.851073
10.42	0.850716
10.41	0.850735
10.4	0.851241
10.39	0.850494
10.38	0.850845
10.37	0.850655
10.36	0.850736
10.35	0.850544
10.34	0.850395
10.33	0.850407
10.32	0.850448
10.31	0.850056
10.3	0.849887
10.29	0.850122
10.28	0.850358
10.27	0.850428
10.26	0.850779
10.25	0.850954
10.24	0.851232
10.23	0.851748
10.22	0.851708
10.21	0.852106
10.2	0.852221
10.19	0.851812
10.18	0.852115
10.17	0.851864
10.16	0.852133
10.15	0.851672
10.14	0.851707
10.13	0.851165
10.12	0.851084
10.11	0.850889
10.1	0.850792
10.09	0.850789
10.08	0.851048
10.07	0.851353
10.06	0.851243
10.05	0.851408
10.04	0.851384
10.03	0.851791
10.02	0.851912
10.01	0.851974
10	0.851923
9.99	0.851985
9.98	0.851983
9.97	0.851976
9.96	0.851988
9.95	0.852481
9.94	0.8523
9.93	0.852167
9.92	0.852125
9.91	0.852033
9.9	0.852174
9.89	0.851929
9.88	0.851954
9.87	0.852223
9.86	0.852226
9.85	0.852723
9.84	0.852607
9.83	0.852568
9.82	0.852734
9.81	0.852887
9.8	0.85268
9.79	0.853124
9.78	0.853236
9.77	0.852941
9.76	0.85247
9.75	0.852027
9.74	0.851922
9.73	0.852137
9.72	0.852302
9.71	0.852634
9.7	0.852452
9.69	0.852408
9.68	0.8523
9.67	0.852026
9.66	0.852423
9.65	0.852705
9.64	0.852875
9.63	0.853227
9.62	0.853321
9.61	0.853482
9.6	0.853436
9.59	0.853129
9.58	0.85282
9.57	0.852811
9.56	0.852854
9.55	0.852916
9.54	0.852769
9.53	0.85241
9.52	0.852412
9.51	0.852285
9.5	0.852523
9.49	0.852057
9.48	0.851925
9.47	0.852251
9.46	0.851887
9.45	0.852199
9.44	0.85215
9.43	0.852269
9.42	0.852634
9.41	0.852879
9.4	0.852999
9.39	0.852502
9.38	0.852562
9.37	0.852736
9.36	0.85235
9.35	0.852379
9.34	0.852336
9.33	0.852511
9.32	0.85212
9.31	0.85228
9.3	0.852642
9.29	0.852741
9.28	0.852952
9.27	0.8529
9.26	0.853048
9.25	0.853253
9.24	0.853234
9.23	0.853118
9.22	0.852861
9.21	0.852993
9.2	0.853119
9.19	0.853216
9.18	0.853287
9.17	0.853811
9.16	0.853836
9.15	0.853477
9.14	0.853375
9.13	0.853257
9.12	0.853252
9.11	0.853238
9.1	0.853767
9.09	0.853557
9.08	0.853739
9.07	0.85381
9.06	0.854118
9.05	0.853987
9.04	0.854448
9.03	0.854453
9.02	0.854193
9.01	0.854644
9	0.853821
8.99	0.853432
8.98	0.853757
8.97	0.854004
8.96	0.854031
8.95	0.853894
8.94	0.85386
8.93	0.853918
8.92	0.853998
8.91	0.853669
8.9	0.85366
8.89	0.853899
8.88	0.853987
8.87	0.854078
8.86	0.854132
8.85	0.853614
8.84	0.853843
8.83	0.854076
8.82	0.854162
8.81	0.853835
8.8	0.853915
8.79	0.853811
8.78	0.853939
8.77	0.853896
8.76	0.853944
8.75	0.854049
8.74	0.85411
8.73	0.854227
8.72	0.854046
8.71	0.854143
8.7	0.854194
8.69	0.854067
8.68	0.853955
8.67	0.853918
8.66	0.853848
8.65	0.854334
8.64	0.854199
8.63	0.854119
8.62	0.854382
8.61	0.854415
8.6	0.854531
8.59	0.855161
8.58	0.85525
8.57	0.855116
8.56	0.855344
8.55	0.855484
8.54	0.855793
8.53	0.856054
8.52	0.856518
8.51	0.856312
8.5	0.855762
8.49	0.855748
8.48	0.856087
8.47	0.856056
8.46	0.855872
8.45	0.855775
8.44	0.855493
8.43	0.855698
8.42	0.855729
8.41	0.85582
8.4	0.855813
8.39	0.85617
8.38	0.856178
8.37	0.855736
8.36	0.855812
8.35	0.855754
8.34	0.855885
8.33	0.855763
8.32	0.855365
8.31	0.855458
8.3	0.855574
8.29	0.855923
8.28	0.85588
8.27	0.856016
8.26	0.856263
8.25	0.856311
8.24	0.85603
8.23	0.856098
8.22	0.855799
8.21	0.855562
8.2	0.855329
8.19	0.855202
8.18	0.85552
8.17	0.85554
8.16	0.855773
8.15	0.855664
8.14	0.855379
8.13	0.854969
8.12	0.854989
8.11	0.8551
8.1	0.854859
8.09	0.854299
8.08	0.85464
8.07	0.855209
8.06	0.855045
8.05	0.855504
8.04	0.855994
8.03	0.855953
8.02	0.855863
8.01	0.856036
8	0.856183
7.99	0.855321
7.98	0.855661
7.97	0.855873
7.96	0.855998
7.95	0.855673
7.94	0.85565
7.93	0.855431
7.92	0.855571
7.91	0.855623
7.9	0.855458
7.89	0.855788
7.88	0.855849
7.87	0.85648
7.86	0.856741
7.85	0.857022
7.84	0.857257
7.83	0.857647
7.82	0.857488
7.81	0.857506
7.8	0.857383
7.79	0.856901
7.78	0.856922
7.77	0.85687
7.76	0.856883
7.75	0.85719
7.74	0.857256
7.73	0.857001
7.72	0.857166
7.71	0.857031
7.7	0.856572
7.69	0.856637
7.68	0.856988
7.67	0.857211
7.66	0.858131
7.65	0.858243
7.64	0.858617
7.63	0.858067
7.62	0.857734
7.61	0.857544
7.6	0.85766
7.59	0.857468
7.58	0.857138
7.57	0.857047
7.56	0.857159
7.55	0.857276
7.54	0.857489
7.53	0.857852
7.52	0.857776
7.51	0.858096
7.5	0.85844
7.49	0.857843
7.48	0.857494
7.47	0.857709
7.46	0.85804
7.45	0.858297
7.44	0.858256
7.43	0.858595
7.42	0.858803
7.41	0.85834
7.4	0.857789
7.39	0.857453
7.38	0.8572
7.37	0.857211
7.36	0.857602
7.35	0.857801
7.34	0.858759
7.33	0.858799
7.32	0.858657
7.31	0.858313
7.3	0.858165
7.29	0.85816
7.28	0.859158
7.27	0.858241
7.26	0.858207
7.25	0.858026
7.24	0.857893
7.23	0.857921
7.22	0.85837
7.21	0.858352
7.2	0.858701
7.19	0.859571
7.18	0.860291
7.17	0.860652
7.16	0.8606
7.15	0.860514
7.14	0.860703
7.13	0.860417
7.12	0.860405
7.11	0.860303
7.1	0.860221
7.09	0.860161
7.08	0.859885
7.07	0.859682
7.06	0.859727
7.05	0.860446
7.04	0.859869
7.03	0.8599
7.02	0.859797
7.01	0.859642
7	0.860045
6.99	0.859962
6.98	0.859457
6.97	0.85972
6.96	0.859713
6.95	0.859264
6.94	0.859279
6.93	0.858987
6.92	0.858753
6.91	0.859153
6.9	0.858677
6.89	0.858584
6.88	0.858325
6.87	0.858239
6.86	0.85864
6.85	0.858595
6.84	0.859047
6.83	0.859889
6.82	0.859647
6.81	0.859931
6.8	0.859978
6.79	0.859898
6.78	0.860161
6.77	0.860708
6.76	0.861365
6.75	0.861678
6.74	0.861548
6.73	0.861392
6.72	0.861089
6.71	0.860895
6.7	0.860621
6.69	0.860064
6.68	0.860377
6.67	0.860953
6.66	0.861159
6.65	0.861301
6.64	0.860718
6.63	0.86076
6.62	0.861071
6.61	0.861165
6.6	0.860933
6.59	0.860686
6.58	0.860578
6.57	0.860624
6.56	0.861319
6.55	0.861629
6.54	0.86124
6.53	0.861068
6.52	0.86111
6.51	0.862049
6.5	0.861861
6.49	0.862027
6.48	0.861714
6.47	0.861483
6.46	0.861431
6.45	0.861644
6.44	0.861795
6.43	0.862077
6.42	0.862208
6.41	0.862565
6.4	0.86309
6.39	0.863225
6.38	0.863235
6.37	0.863463
6.36	0.863284
6.35	0.862203
6.34	0.861689
6.33	0.861736
6.32	0.862263
6.31	0.863114
6.3	0.863223
6.29	0.862767
6.28	0.862585
6.27	0.86237
6.26	0.86249
6.25	0.862032
6.24	0.862143
6.23	0.862469
6.22	0.862349
6.21	0.862881
6.2	0.86301
6.19	0.862945
6.18	0.863237
6.17	0.863637
6.16	0.86397
6.15	0.863899
6.14	0.864442
6.13	0.864641
6.12	0.864292
6.11	0.864393
6.1	0.864385
6.09	0.864215
6.08	0.864026
6.07	0.863738
6.06	0.863753
6.05	0.864046
6.04	0.863908
6.03	0.863532
6.02	0.863819
6.01	0.864011
6	0.864266
5.99	0.863978
5.98	0.863268
5.97	0.863057
5.96	0.863225
5.95	0.863538
5.94	0.86437
5.93	0.864668
5.92	0.864541
5.91	0.864211
5.9	0.864
5.89	0.863715
5.88	0.86404
5.87	0.865162
5.86	0.865274
5.85	0.864323
5.84	0.864713
5.83	0.865245
5.82	0.864443
5.81	0.864457
5.8	0.865583
5.79	0.865837
5.78	0.865552
5.77	0.864829
5.76	0.864626
5.75	0.864989
5.74	0.864908
5.73	0.864986
5.72	0.864177
5.71	0.864252
5.7	0.864057
5.69	0.864155
5.68	0.864526
5.67	0.865092
5.66	0.865561
5.65	0.866227
5.64	0.865846
5.63	0.865788
5.62	0.866248
5.61	0.866633
5.6	0.86746
5.59	0.867823
5.58	0.868062
5.57	0.868334
5.56	0.868509
5.55	0.868672
5.54	0.868925
5.53	0.869281
5.52	0.868829
5.51	0.868726
5.5	0.869591
5.49	0.870349
5.48	0.8701
5.47	0.869897
5.46	0.869202
5.45	0.868881
5.44	0.8695
5.43	0.869962
5.42	0.870919
5.41	0.870535
5.4	0.870601
5.39	0.87055
5.38	0.870353
5.37	0.870052
5.36	0.870503
5.35	0.87114
5.34	0.870921
5.33	0.870989
5.32	0.871071
5.31	0.869999
5.3	0.870263
5.29	0.871014
5.28	0.871158
5.27	0.870998
5.26	0.870625
5.25	0.870708
5.24	0.870892
5.23	0.871727
5.22	0.872071
5.21	0.872404
5.2	0.872815
5.19	0.872746
5.18	0.872386
5.17	0.873294
5.16	0.872703
5.15	0.873045
5.14	0.872764
5.13	0.872169
5.12	0.871545
5.11	0.87116
5.1	0.871163
5.09	0.871961
5.08	0.873227
5.07	0.873322
5.06	0.872972
5.05	0.872806
5.04	0.871909
5.03	0.871461
5.02	0.871251
5.01	0.871542
5	0.871858
4.99	0.872106
4.98	0.872137
4.97	0.87243
4.96	0.871627
4.95	0.871554
4.94	0.871615
4.93	0.872189
4.92	0.872941
4.91	0.873658
4.9	0.8739
4.89	0.874063
4.88	0.873032
4.87	0.872953
4.86	0.87361
4.85	0.873565
4.84	0.873582
4.83	0.874487
4.82	0.874795
4.81	0.875834
4.8	0.877034
4.79	0.876929
4.78	0.876802
4.77	0.876618
4.76	0.876615
4.75	0.875669
4.74	0.875843
4.73	0.875246
4.72	0.875639
4.71	0.875572
4.7	0.875484
4.69	0.875853
4.68	0.875416
4.67	0.876436
4.66	0.876911
4.65	0.877686
4.64	0.877236
4.63	0.876245
4.62	0.876178
4.61	0.876498
4.6	0.876523
4.59	0.876748
4.58	0.876196
4.57	0.876142
4.56	0.875478
4.55	0.875705
4.54	0.876808
4.53	0.87623
4.52	0.876788
4.51	0.877813
4.5	0.877937
4.49	0.878577
4.48	0.879603
4.47	0.879196
4.46	0.878695
4.45	0.878307
4.44	0.877775
4.43	0.878247
4.42	0.878996
4.41	0.879837
4.4	0.878855
4.39	0.878737
4.38	0.879183
4.37	0.879338
4.36	0.879355
4.35	0.879306
4.34	0.880429
4.33	0.880902
4.32	0.881222
4.31	0.880678
4.3	0.881036
4.29	0.881332
4.28	0.880311
4.27	0.880697
4.26	0.881835
4.25	0.882166
4.24	0.881885
4.23	0.882226
4.22	0.882691
4.21	0.882997
4.2	0.883727
4.19	0.8842
4.18	0.885565
4.17	0.885933
4.16	0.885173
4.15	0.884102
4.14	0.88516
4.13	0.884993
4.12	0.88483
4.11	0.885605
4.1	0.88541
4.09	0.883957
4.08	0.884186
4.07	0.884821
4.06	0.886149
4.05	0.886136
4.04	0.885401
4.03	0.884652
4.02	0.88467
4.01	0.884524
4	0.884031
3.99	0.884504
3.98	0.885486
3.97	0.88637
3.96	0.886667
3.95	0.886871
3.94	0.887635
3.93	0.888348
3.92	0.888651
3.91	0.888344
3.9	0.888853
3.89	0.890166
3.88	0.891177
3.87	0.891143
3.86	0.891482
3.85	0.893026
3.84	0.892822
3.83	0.893158
3.82	0.89367
3.81	0.89433
3.8	0.895379
3.79	0.895334
3.78	0.894632
3.77	0.892123
3.76	0.893536
3.75	0.895635
3.74	0.896781
3.73	0.897037
3.72	0.89646
3.71	0.895543
3.7	0.896145
3.69	0.897113
3.68	0.898672
3.67	0.899476
3.66	0.900352
3.65	0.900535
3.64	0.900382
3.63	0.900401
3.62	0.901134
3.61	0.901616
3.6	0.90276
3.59	0.903392
3.58	0.903286
3.57	0.90489
3.56	0.905851
3.55	0.905996
3.54	0.906346
3.53	0.906507
3.52	0.905347
3.51	0.905096
3.5	0.906818
3.49	0.906884
3.48	0.906314
3.47	0.906842
3.46	0.907595
3.45	0.908689
3.44	0.909155
3.43	0.908954
3.42	0.910304
3.41	0.909738
3.4	0.910314
3.39	0.91101
3.38	0.910626
3.37	0.910876
3.36	0.910832
3.35	0.911553
3.34	0.911442
3.33	0.910655
3.32	0.910728
3.31	0.911102
3.3	0.91104
3.29	0.912758
3.28	0.913454
3.27	0.912893
3.26	0.913902
3.25	0.915143
3.24	0.914401
3.23	0.915873
3.22	0.916298
3.21	0.917272
3.2	0.916891
3.19	0.915615
3.18	0.917185
3.17	0.918863
3.16	0.91879
3.15	0.91628
3.14	0.916963
3.13	0.917827
3.12	0.920098
3.11	0.920035
3.1	0.92087
3.09	0.92257
3.08	0.925331
3.07	0.925768
3.06	0.927105
3.05	0.926446
3.04	0.929505
3.03	0.929794
3.02	0.930883
3.01	0.932377
3	0.930912
2.99	0.932225
2.98	0.934142
2.97	0.932867
2.96	0.933195
2.95	0.935124
2.94	0.935995
2.93	0.936225
2.92	0.935012
2.91	0.935067
2.9	0.934642
2.89	0.935768
2.88	0.937201
2.87	0.936585
2.86	0.935692
2.85	0.936423
2.84	0.935396
2.83	0.936228
2.82	0.936567
2.81	0.936726
2.8	0.935755
2.79	0.937142
2.78	0.939569
2.77	0.941774
2.76	0.943351
2.75	0.944965
2.74	0.941813
2.73	0.941856
2.72	0.941188
2.71	0.942551
2.7	0.944262
2.69	0.945834
2.68	0.946644
2.67	0.944931
2.66	0.945554
2.65	0.945541
2.64	0.946701
2.63	0.945711
2.62	0.947202
2.61	0.948186
2.6	0.949382
2.59	0.949619
2.58	0.948973
2.57	0.950292
2.56	0.949218
2.55	0.948583
2.54	0.952894
2.53	0.953158
2.52	0.954199
2.51	0.954226
2.5	0.954809
2.49	0.955228
2.48	0.953843
2.47	0.956048
2.46	0.9584
2.45	0.959427
2.44	0.959811
2.43	0.960352
2.42	0.960243
2.41	0.958527
2.4	0.957616
2.39	0.9567
2.38	0.957012
2.37	0.95802
2.36	0.958279
2.35	0.95704
2.34	0.957111
2.33	0.956199
2.32	0.956646
2.31	0.957045
2.3	0.957545
2.29	0.958841
2.28	0.958366
2.27	0.959666
2.26	0.961364
2.25	0.963066
2.24	0.964369
2.23	0.965488
2.22	0.965304
2.21	0.964982
2.2	0.965542
2.19	0.96507
2.18	0.963527
2.17	0.96315
2.16	0.963893
2.15	0.966693
2.14	0.966621
2.13	0.967774
2.12	0.967235
2.11	0.967343
2.1	0.966491
2.09	0.965404
2.08	0.967304
2.07	0.970125
2.06	0.968455
2.05	0.968666
2.04	0.969341
2.03	0.970222
2.02	0.971781
2.01	0.971375
2	0.971829
1.99	0.969564
1.98	0.97139
1.97	0.970393
1.96	0.970919
1.95	0.970159
1.94	0.970666
1.93	0.973396
1.92	0.97498
1.91	0.974608
1.9	0.972729
1.89	0.971771
1.88	0.973548
1.87	0.972931
1.86	0.973322
1.85	0.972261
1.84	0.974363
1.83	0.974671
1.82	0.976412
1.81	0.97357
1.8	0.973917
1.79	0.97484
1.78	0.976609
1.77	0.974973
1.76	0.979285
1.75	0.979102
1.74	0.98026
1.73	0.97955
1.72	0.979117
1.71	0.978026
1.7	0.977689
1.69	0.978154
1.68	0.977743
1.67	0.978989
1.66	0.977066
1.65	0.97728
1.64	0.977911
1.63	0.980608
1.62	0.979903
1.61	0.979441
1.6	0.98183
1.59	0.980634
1.58	0.979307
1.57	0.978687
1.56	0.97957
1.55	0.978779
1.54	0.979538
1.53	0.979875
1.52	0.979229
1.51	0.979007
1.5	0.980413
1.49	0.982623
1.48	0.982671
1.47	0.981023
1.46	0.980101
1.45	0.980572
1.44	0.981408
1.43	0.980644
1.42	0.982878
1.41	0.984416
1.4	0.983484
1.39	0.982655
1.38	0.982592
1.37	0.98155
1.36	0.982922
1.35	0.984775
1.34	0.984544
1.33	0.985366
1.32	0.984307
1.31	0.982223
1.3	0.985184
1.29	0.983066
1.28	0.982295
1.27	0.983554
1.26	0.981984
1.25	0.984064
1.24	0.985781
1.23	0.985386
1.22	0.985941
1.21	0.986303
1.2	0.986577
1.19	0.986148
1.18	0.987197
1.17	0.988278
1.16	0.987795
1.15	0.988356
1.14	0.986756
1.13	0.987521
1.12	0.988093
1.11	0.986988
1.1	0.988429
1.09	0.989565
1.08	0.988186
1.07	0.988229
1.06	0.986318
1.05	0.986661
1.04	0.987405
1.03	0.988441
1.02	0.988741
1.01	0.988169
1	0.988758
0.99	0.988965
0.98	0.989455
0.97	0.990329
0.96	0.98981
0.95	0.989074
0.94	0.989215
0.93	0.98923
0.92	0.990339
0.91	0.989968
0.9	0.991079
0.89	0.988684
0.88	0.98918
0.87	0.989622
0.86	0.99072
0.85	0.990784
0.84	0.991864
0.83	0.991223
0.82	0.990069
0.81	0.99192
0.8	0.991676
0.79	0.99005
0.78	0.990654
0.77	0.992799
0.76	0.993031
0.75	0.991945
0.74	0.994378
0.73	0.992474
0.72	0.992027
0.71	0.993287
0.7	0.991661
0.69	0.994604
0.68	0.99218
0.67	0.990828
0.66	0.991605
0.65	0.993918
0.64	0.993423
0.63	0.993302
0.62	0.991997
0.61	0.99212
0.6	0.993971
0.59	0.993108
0.58	0.99332
0.57	0.992993
0.56	0.994625
0.55	0.994626
0.54	0.995139
0.53	0.994789
0.52	0.993424
0.51	0.993447
0.5	0.99541
0.49	0.996111
0.48	0.993176
0.47	0.994855
0.46	0.993682
0.45	0.995507
0.44	0.995011
0.43	0.996309
0.42	0.995529
0.41	0.997552
0.4	0.996533
0.39	0.995624
0.38	0.995054
0.37	0.995814
0.36	0.995217
0.35	0.996036
0.34	0.995666
0.33	0.995587
0.32	0.99716
0.31	0.99605
0.3	0.996275
0.29	0.997513
0.28	0.997382
0.27	0.99739
0.26	0.997916
0.25	0.997953
0.24	0.99649
0.23	0.998509
0.22	0.99695
0.21	0.997162
0.2	0.998146
0.19	0.996761
0.18	0.9988
0.17	0.996534
0.16	0.998329
0.15	0.998701
0.14	0.99837
0.13	0.99955
0.12	0.99846
0.11	0.998881
0.1	0.998458
0.09	0.999881
0.08	0.997995
0.07	0.998607
0.06	0.99965
0.05	1.00011
0.04	1.0004
0.03	0.999362
0.02	0.998984
0.01	1.00005




