0	1.00326
0.01	1.00146
0.02	1.00132
0.03	0.999038
0.04	1.00124
0.05	0.99863
0.06	0.997632
0.07	0.998373
0.08	0.998845
0.09	0.99684
0.1	1.00053
0.11	1.00092
0.12	1.00229
0.13	0.998659
0.14	1.00408
0.15	0.998019
0.16	0.9988
0.17	0.997694
0.18	0.996183
0.19	0.995954
0.2	0.998324
0.21	0.999333
0.22	0.99614
0.23	0.996925
0.24	0.998486
0.25	0.998011
0.26	0.998419
0.27	0.996289
0.28	0.998522
0.29	0.99483
0.3	0.998665
0.31	0.993995
0.32	0.992889
0.33	0.997409
0.34	0.999134
0.35	1.00038
0.36	0.997168
0.37	0.99669
0.38	0.994874
0.39	0.996916
0.4	0.99673
0.41	0.997261
0.42	0.99612
0.43	0.995699
0.44	0.999997
0.45	0.998397
0.46	0.995914
0.47	0.996535
0.48	0.997709
0.49	0.994294
0.5	0.996494
0.51	0.995069
0.52	0.9937
0.53	0.991586
0.54	0.996367
0.55	0.993541
0.56	0.994756
0.57	0.993556
0.58	0.993234
0.59	0.993704
0.6	0.992294
0.61	0.987955
0.62	0.99424
0.63	0.997856
0.64	0.992947
0.65	0.991737
0.66	0.987912
0.67	0.990351
0.68	0.991548
0.69	0.98888
0.7	0.984075
0.71	0.986024
0.72	0.989863
0.73	0.993758
0.74	0.991579
0.75	0.996988
0.76	0.986284
0.77	0.989667
0.78	0.992261
0.79	0.992217
0.8	0.992065
0.81	0.992046
0.82	0.99202
0.83	0.991526
0.84	0.988564
0.85	0.992598
0.86	0.987172
0.87	0.994501
0.88	0.99371
0.89	0.993214
0.9	0.988283
0.91	0.986835
0.92	0.989193
0.93	0.985532
0.94	0.988947
0.95	0.988365
0.96	0.985605
0.97	0.988388
0.98	0.988159
0.99	0.988484
1	0.991571
1.01	0.993811
1.02	0.986642
1.03	0.987104
1.04	0.981299
1.05	0.987471
1.06	0.987188
1.07	0.984017
1.08	0.988954
1.09	0.990346
1.1	0.984851
1.11	0.986606
1.12	0.990651
1.13	0.98387
1.14	0.986447
1.15	0.987246
1.16	0.979603
1.17	0.983264
1.18	0.981793
1.19	0.982994
1.2	0.986812
1.21	0.982328
1.22	0.981739
1.23	0.984588
1.24	0.989578
1.25	0.982129
1.26	0.985819
1.27	0.984289
1.28	0.987105
1.29	0.987792
1.3	0.987264
1.31	0.985503
1.32	0.982545
1.33	0.979954
1.34	0.982861
1.35	0.982089
1.36	0.981146
1.37	0.979273
1.38	0.981585
1.39	0.980609
1.4	0.98112
1.41	0.978639
1.42	0.979316
1.43	0.982673
1.44	0.980067
1.45	0.983434
1.46	0.979513
1.47	0.981643
1.48	0.975488
1.49	0.974526
1.5	0.971581
1.51	0.971994
1.52	0.971876
1.53	0.979372
1.54	0.978038
1.55	0.971371
1.56	0.978558
1.57	0.980769
1.58	0.976955
1.59	0.981418
1.6	0.974196
1.61	0.971889
1.62	0.968085
1.63	0.976743
1.64	0.974569
1.65	0.974883
1.66	0.971505
1.67	0.97529
1.68	0.976372
1.69	0.974157
1.7	0.978944
1.71	0.983659
1.72	0.980905
1.73	0.980128
1.74	0.980796
1.75	0.982442
1.76	0.978899
1.77	0.979009
1.78	0.973836
1.79	0.973898
1.8	0.971012
1.81	0.968503
1.82	0.972462
1.83	0.966415
1.84	0.972215
1.85	0.973229
1.86	0.974615
1.87	0.977017
1.88	0.981921
1.89	0.980409
1.9	0.979427
1.91	0.981309
1.92	0.976985
1.93	0.981421
1.94	0.978528
1.95	0.974101
1.96	0.973589
1.97	0.972445
1.98	0.972999
1.99	0.974603
2	0.971589
2.01	0.970423
2.02	0.966423
2.03	0.963296
2.04	0.967309
2.05	0.965077
2.06	0.963959
2.07	0.969611
2.08	0.97133
2.09	0.969816
2.1	0.967729
2.11	0.963176
2.12	0.957848
2.13	0.95978
2.14	0.96253
2.15	0.96375
2.16	0.967737
2.17	0.961065
2.18	0.964813
2.19	0.96295
2.2	0.968949
2.21	0.962861
2.22	0.962987
2.23	0.960147
2.24	0.958957
2.25	0.962099
2.26	0.960075
2.27	0.957402
2.28	0.956884
2.29	0.955645
2.3	0.961867
2.31	0.962675
2.32	0.965635
2.33	0.964449
2.34	0.95996
2.35	0.960284
2.36	0.955408
2.37	0.957061
2.38	0.963512
2.39	0.960989
2.4	0.960396
2.41	0.963403
2.42	0.965241
2.43	0.955457
2.44	0.950069
2.45	0.948915
2.46	0.952822
2.47	0.955077
2.48	0.948774
2.49	0.9504
2.5	0.952904
2.51	0.956994
2.52	0.959583
2.53	0.961552
2.54	0.958982
2.55	0.961041
2.56	0.957098
2.57	0.957538
2.58	0.960585
2.59	0.963394
2.6	0.959841
2.61	0.965561
2.62	0.960761
2.63	0.96032
2.64	0.9583
2.65	0.956301
2.66	0.952681
2.67	0.952636
2.68	0.95162
2.69	0.952361
2.7	0.950188
2.71	0.949645
2.72	0.94438
2.73	0.945299
2.74	0.944405
2.75	0.943865
2.76	0.949589
2.77	0.952599
2.78	0.951574
2.79	0.949028
2.8	0.952702
2.81	0.95621
2.82	0.952599
2.83	0.949722
2.84	0.953025
2.85	0.946215
2.86	0.944177
2.87	0.941256
2.88	0.94813
2.89	0.945104
2.9	0.943074
2.91	0.94593
2.92	0.946467
2.93	0.942375
2.94	0.949228
2.95	0.947549
2.96	0.942496
2.97	0.946252
2.98	0.944985
2.99	0.942481
3	0.934857
3.01	0.936254
3.02	0.940333
3.03	0.940963
3.04	0.943238
3.05	0.947364
3.06	0.945188
3.07	0.942439
3.08	0.943172
3.09	0.949441
3.1	0.938497
3.11	0.933848
3.12	0.93008
3.13	0.925788
3.14	0.921596
3.15	0.916384
3.16	0.915562
3.17	0.91296
3.18	0.913536
3.19	0.911735
3.2	0.915849
3.21	0.918026
3.22	0.916505
3.23	0.922684
3.24	0.924508
3.25	0.922185
3.26	0.92427
3.27	0.923924
3.28	0.926245
3.29	0.925987
3.3	0.928509
3.31	0.929256
3.32	0.9268
3.33	0.921411
3.34	0.917526
3.35	0.915989
3.36	0.91332
3.37	0.913017
3.38	0.912033
3.39	0.914052
3.4	0.917344
3.41	0.919011
3.42	0.914808
3.43	0.915201
3.44	0.916052
3.45	0.913952
3.46	0.916621
3.47	0.914479
3.48	0.914984
3.49	0.915459
3.5	0.915437
3.51	0.919371
3.52	0.91871
3.53	0.918422
3.54	0.914259
3.55	0.913611
3.56	0.916048
3.57	0.917155
3.58	0.915443
3.59	0.91636
3.6	0.91491
3.61	0.914592
3.62	0.916052
3.63	0.914138
3.64	0.911725
3.65	0.91116
3.66	0.910854
3.67	0.909145
3.68	0.907641
3.69	0.907581
3.7	0.905513
3.71	0.905106
3.72	0.907452
3.73	0.908954
3.74	0.908295
3.75	0.905641
3.76	0.907025
3.77	0.907346
3.78	0.905017
3.79	0.907162
3.8	0.907072
3.81	0.909168
3.82	0.908721
3.83	0.903952
3.84	0.901939
3.85	0.90144
3.86	0.897276
3.87	0.894757
3.88	0.897175
3.89	0.892361
3.9	0.894091
3.91	0.892882
3.92	0.894573
3.93	0.895458
3.94	0.896679
3.95	0.896517
3.96	0.896934
3.97	0.894483
3.98	0.894277
3.99	0.892004
4	0.894478
4.01	0.893048
4.02	0.890534
4.03	0.888578
4.04	0.892088
4.05	0.894772
4.06	0.896046
4.07	0.895847
4.08	0.891421
4.09	0.887878
4.1	0.886662
4.11	0.885807
4.12	0.889108
4.13	0.889427
4.14	0.887107
4.15	0.88812
4.16	0.88506
4.17	0.886422
4.18	0.887568
4.19	0.886655
4.2	0.887755
4.21	0.888789
4.22	0.890364
4.23	0.890098
4.24	0.890248
4.25	0.889609
4.26	0.887298
4.27	0.886989
4.28	0.884856
4.29	0.882991
4.3	0.885105
4.31	0.886473
4.32	0.885987
4.33	0.885988
4.34	0.885195
4.35	0.88663
4.36	0.88878
4.37	0.887621
4.38	0.887834
4.39	0.888041
4.4	0.888946
4.41	0.88854
4.42	0.887633
4.43	0.884982
4.44	0.886188
4.45	0.88518
4.46	0.888225
4.47	0.891642
4.48	0.893125
4.49	0.891213
4.5	0.887885
4.51	0.885297
4.52	0.883857
4.53	0.882369
4.54	0.882236
4.55	0.884453
4.56	0.885993
4.57	0.883815
4.58	0.884437
4.59	0.884958
4.6	0.882454
4.61	0.88025
4.62	0.880196
4.63	0.88348
4.64	0.882849
4.65	0.882331
4.66	0.878593
4.67	0.876353
4.68	0.87464
4.69	0.873779
4.7	0.872442
4.71	0.876211
4.72	0.877758
4.73	0.878273
4.74	0.879761
4.75	0.879212
4.76	0.879157
4.77	0.88207
4.78	0.881
4.79	0.879472
4.8	0.880029
4.81	0.880283
4.82	0.879362
4.83	0.878033
4.84	0.878902
4.85	0.87769
4.86	0.878119
4.87	0.877138
4.88	0.879413
4.89	0.880554
4.9	0.88214
4.91	0.88201
4.92	0.883014
4.93	0.88236
4.94	0.879552
4.95	0.878661
4.96	0.877938
4.97	0.877076
4.98	0.878338
4.99	0.878693
5	0.876423
5.01	0.875706
5.02	0.876266
5.03	0.876333
5.04	0.876081
5.05	0.873133
5.06	0.871182
5.07	0.870534
5.08	0.870101
5.09	0.870674
5.1	0.869063
5.11	0.869379
5.12	0.870461
5.13	0.873008
5.14	0.872883
5.15	0.872178
5.16	0.871576
5.17	0.873286
5.18	0.875318
5.19	0.874792
5.2	0.874975
5.21	0.873725
5.22	0.874047
5.23	0.872909
5.24	0.87253
5.25	0.872061
5.26	0.86984
5.27	0.869022
5.28	0.869623
5.29	0.870849
5.3	0.870816
5.31	0.869884
5.32	0.870371
5.33	0.870283
5.34	0.869305
5.35	0.870914
5.36	0.870078
5.37	0.870404
5.38	0.872516
5.39	0.874884
5.4	0.873732
5.41	0.872219
5.42	0.87389
5.43	0.872946
5.44	0.872065
5.45	0.87216
5.46	0.872138
5.47	0.8745
5.48	0.875072
5.49	0.872996
5.5	0.87322
5.51	0.873045
5.52	0.874846
5.53	0.876337
5.54	0.87451
5.55	0.876768
5.56	0.876728
5.57	0.878438
5.58	0.878697
5.59	0.875772
5.6	0.874736
5.61	0.875252
5.62	0.874324
5.63	0.874824
5.64	0.876573
5.65	0.875771
5.66	0.87339
5.67	0.871225
5.68	0.86974
5.69	0.870482
5.7	0.870507
5.71	0.87208
5.72	0.8732
5.73	0.870368
5.74	0.871675
5.75	0.873895
5.76	0.875385
5.77	0.874694
5.78	0.8741
5.79	0.873671
5.8	0.873256
5.81	0.874716
5.82	0.873502
5.83	0.872742
5.84	0.8742
5.85	0.873098
5.86	0.871441
5.87	0.870768
5.88	0.872352
5.89	0.871944
5.9	0.871326
5.91	0.871588
5.92	0.871897
5.93	0.870159
5.94	0.868855
5.95	0.868416
5.96	0.86756
5.97	0.866837
5.98	0.867364
5.99	0.865894
6	0.866665
6.01	0.867988
6.02	0.868274
6.03	0.870368
6.04	0.871487
6.05	0.871952
6.06	0.873145
6.07	0.871978
6.08	0.870642
6.09	0.868578
6.1	0.867762
6.11	0.86763
6.12	0.870067
6.13	0.870914
6.14	0.869516
6.15	0.866992
6.16	0.866263
6.17	0.867153
6.18	0.867098
6.19	0.866451
6.2	0.868244
6.21	0.866833
6.22	0.867337
6.23	0.867718
6.24	0.868345
6.25	0.867416
6.26	0.867757
6.27	0.868371
6.28	0.868845
6.29	0.868912
6.3	0.871387
6.31	0.870521
6.32	0.868826
6.33	0.868884
6.34	0.86859
6.35	0.872382
6.36	0.871466
6.37	0.874371
6.38	0.871912
6.39	0.87233
6.4	0.871798
6.41	0.870153
6.42	0.869803
6.43	0.869541
6.44	0.868054
6.45	0.869639
6.46	0.867772
6.47	0.868468
6.48	0.868098
6.49	0.867389
6.5	0.86652
6.51	0.865549
6.52	0.864859
6.53	0.865754
6.54	0.864455
6.55	0.863888
6.56	0.861955
6.57	0.863005
6.58	0.863514
6.59	0.862446
6.6	0.865254
6.61	0.866145
6.62	0.866415
6.63	0.865132
6.64	0.865362
6.65	0.86652
6.66	0.867627
6.67	0.866866
6.68	0.865282
6.69	0.865261
6.7	0.863646
6.71	0.864366
6.72	0.865639
6.73	0.865395
6.74	0.865341
6.75	0.86491
6.76	0.866335
6.77	0.866608
6.78	0.867137
6.79	0.867712
6.8	0.865211
6.81	0.865057
6.82	0.864423
6.83	0.865469
6.84	0.866641
6.85	0.867521
6.86	0.868319
6.87	0.869092
6.88	0.867792
6.89	0.866149
6.9	0.86783
6.91	0.866429
6.92	0.869216
6.93	0.867445
6.94	0.867842
6.95	0.868668
6.96	0.866508
6.97	0.864934
6.98	0.865049
6.99	0.865271
7	0.865412
7.01	0.866074
7.02	0.865602
7.03	0.866796
7.04	0.865324
7.05	0.864124
7.06	0.865303
7.07	0.864971
7.08	0.865182
7.09	0.866339
7.1	0.865291
7.11	0.863215
7.12	0.863158
7.13	0.863844
7.14	0.865888
7.15	0.865281
7.16	0.864838
7.17	0.862304
7.18	0.861897
7.19	0.863935
7.2	0.862927
7.21	0.86276
7.22	0.862813
7.23	0.862002
7.24	0.861682
7.25	0.862455
7.26	0.862137
7.27	0.862437
7.28	0.862356
7.29	0.863228
7.3	0.861439
7.31	0.860288
7.32	0.860202
7.33	0.86021
7.34	0.86094
7.35	0.860071
7.36	0.861321
7.37	0.860051
7.38	0.860022
7.39	0.860963
7.4	0.861802
7.41	0.861939
7.42	0.861276
7.43	0.861737
7.44	0.86124
7.45	0.863444
7.46	0.863357
7.47	0.86287
7.48	0.862535
7.49	0.861756
7.5	0.861701
7.51	0.86169
7.52	0.861134
7.53	0.861165
7.54	0.862744
7.55	0.864776
7.56	0.866148
7.57	0.863989
7.58	0.862108
7.59	0.862384
7.6	0.864153
7.61	0.862271
7.62	0.860353
7.63	0.859821
7.64	0.86086
7.65	0.859059
7.66	0.8604
7.67	0.861232
7.68	0.859729
7.69	0.85823
7.7	0.857981
7.71	0.85719
7.72	0.856896
7.73	0.857039
7.74	0.857272
7.75	0.857987
7.76	0.859655
7.77	0.86064
7.78	0.859338
7.79	0.861984
7.8	0.860897
7.81	0.860598
7.82	0.860185
7.83	0.860629
7.84	0.86107
7.85	0.859478
7.86	0.859268
7.87	0.859974
7.88	0.858584
7.89	0.858061
7.9	0.859658
7.91	0.858716
7.92	0.858036
7.93	0.859475
7.94	0.859459
7.95	0.860803
7.96	0.860487
7.97	0.859149
7.98	0.858846
7.99	0.858156
8	0.858083
8.01	0.858327
8.02	0.858901
8.03	0.858157
8.04	0.857968
8.05	0.857505
8.06	0.856977
8.07	0.85865
8.08	0.859855
8.09	0.859721
8.1	0.860022
8.11	0.860607
8.12	0.860611
8.13	0.860255
8.14	0.859964
8.15	0.859439
8.16	0.85952
8.17	0.859472
8.18	0.859332
8.19	0.858385
8.2	0.858884
8.21	0.858744
8.22	0.858534
8.23	0.858379
8.24	0.858067
8.25	0.857883
8.26	0.856999
8.27	0.856811
8.28	0.857484
8.29	0.856983
8.3	0.857095
8.31	0.856927
8.32	0.856048
8.33	0.855424
8.34	0.855355
8.35	0.854664
8.36	0.853625
8.37	0.853748
8.38	0.853969
8.39	0.853268
8.4	0.852701
8.41	0.853056
8.42	0.852755
8.43	0.852434
8.44	0.852748
8.45	0.853072
8.46	0.853034
8.47	0.852979
8.48	0.853574
8.49	0.856282
8.5	0.856459
8.51	0.854282
8.52	0.854042
8.53	0.854132
8.54	0.854301
8.55	0.853651
8.56	0.853777
8.57	0.853393
8.58	0.85326
8.59	0.853775
8.6	0.853258
8.61	0.851972
8.62	0.851748
8.63	0.851523
8.64	0.851481
8.65	0.851441
8.66	0.851985
8.67	0.853152
8.68	0.854416
8.69	0.85459
8.7	0.854996
8.71	0.853116
8.72	0.853221
8.73	0.853522
8.74	0.85334
8.75	0.852418
8.76	0.852263
8.77	0.853329
8.78	0.853009
8.79	0.852857
8.8	0.853426
8.81	0.853766
8.82	0.853826
8.83	0.853942
8.84	0.854137
8.85	0.854586
8.86	0.855162
8.87	0.854128
8.88	0.853815
8.89	0.853429
8.9	0.854134
8.91	0.85396
8.92	0.854049
8.93	0.855102
8.94	0.855509
8.95	0.85503
8.96	0.855004
8.97	0.854795
8.98	0.854921
8.99	0.855921
9	0.855028
9.01	0.854059
9.02	0.852728
9.03	0.852172
9.04	0.851269
9.05	0.850878
9.06	0.850598
9.07	0.850989
9.08	0.851072
9.09	0.850287
9.1	0.849897
9.11	0.850091
9.12	0.849527
9.13	0.849995
9.14	0.850036
9.15	0.850032
9.16	0.850173
9.17	0.85063
9.18	0.851017
9.19	0.851224
9.2	0.851136
9.21	0.850801
9.22	0.850675
9.23	0.851624
9.24	0.85209
9.25	0.852452
9.26	0.853547
9.27	0.854284
9.28	0.854752
9.29	0.854013
9.3	0.853111
9.31	0.852029
9.32	0.851963
9.33	0.853025
9.34	0.854207
9.35	0.854964
9.36	0.854721
9.37	0.854691
9.38	0.854312
9.39	0.853766
9.4	0.85326
9.41	0.853282
9.42	0.852985
9.43	0.8521
9.44	0.851847
9.45	0.852126
9.46	0.852019
9.47	0.850945
9.48	0.850732
9.49	0.850337
9.5	0.850025
9.51	0.849334
9.52	0.849563
9.53	0.850372
9.54	0.850492
9.55	0.850324
9.56	0.850247
9.57	0.850506
9.58	0.849933
9.59	0.850976
9.6	0.851536
9.61	0.851262
9.62	0.850695
9.63	0.850791
9.64	0.850377
9.65	0.850716
9.66	0.851003
9.67	0.851307
9.68	0.85135
9.69	0.851719
9.7	0.85214
9.71	0.851435
9.72	0.851043
9.73	0.850848
9.74	0.850392
9.75	0.850504
9.76	0.849604
9.77	0.849759
9.78	0.850524
9.79	0.850634
9.8	0.851096
9.81	0.850695
9.82	0.84982
9.83	0.850197
9.84	0.849329
9.85	0.849542
9.86	0.850411
9.87	0.851502
9.88	0.851262
9.89	0.850366
9.9	0.849851
9.91	0.849149
9.92	0.848907
9.93	0.849141
9.94	0.848973
9.95	0.849061
9.96	0.849163
9.97	0.850344
9.98	0.850281
9.99	0.850098
10	0.850181
10.01	0.850087
10.02	0.851024
10.03	0.851928
10.04	0.85258
10.05	0.852992
10.06	0.852595
10.07	0.85307
10.08	0.853199
10.09	0.852212
10.1	0.851561
10.11	0.851832
10.12	0.851898
10.13	0.85204
10.14	0.85125
10.15	0.850721
10.16	0.850556
10.17	0.85067
10.18	0.850292
10.19	0.849893
10.2	0.849804
10.21	0.850456
10.22	0.851307
10.23	0.850902
10.24	0.850923
10.25	0.851606
10.26	0.852092
10.27	0.852531
10.28	0.852678
10.29	0.851813
10.3	0.851383
10.31	0.851073
10.32	0.851305
10.33	0.850452
10.34	0.849775
10.35	0.848723
10.36	0.848387
10.37	0.848062
10.38	0.84789
10.39	0.84765
10.4	0.848007
10.41	0.847186
10.42	0.846855
10.43	0.847083
10.44	0.847399
10.45	0.847921
10.46	0.849798
10.47	0.851371
10.48	0.851667
10.49	0.851696
10.5	0.851121
10.51	0.851053
10.52	0.850898
10.53	0.850918
10.54	0.85025
10.55	0.849966
10.56	0.849181
10.57	0.848855
10.58	0.848346
10.59	0.847957
10.6	0.848315
10.61	0.849198
10.62	0.848722
10.63	0.848857
10.64	0.849962
10.65	0.850603
10.66	0.850792
10.67	0.850103
10.68	0.849682
10.69	0.85009
10.7	0.85147
10.71	0.850967
10.72	0.850919
10.73	0.850446
10.74	0.850451
10.75	0.851068
10.76	0.851053
10.77	0.850416
10.78	0.849855
10.79	0.849996
10.8	0.850469
10.81	0.851139
10.82	0.851566
10.83	0.851817
10.84	0.851646
10.85	0.851024
10.86	0.851003
10.87	0.851176
10.88	0.851536
10.89	0.851069
10.9	0.851227
10.91	0.851564
10.92	0.851482
10.93	0.850882
10.94	0.850783
10.95	0.851068
10.96	0.851283
10.97	0.851729
10.98	0.851909
10.99	0.851597
11	0.851287
11.01	0.851123
11.02	0.851436
11.03	0.851855
11.04	0.85107
11.05	0.850376
11.06	0.850589
11.07	0.851111
11.08	0.851893
11.09	0.851738
11.1	0.851187
11.11	0.850254
11.12	0.849969
11.13	0.849674
11.14	0.84997
11.15	0.850098
11.16	0.849426
11.17	0.848611
11.18	0.848741
11.19	0.848127
11.2	0.848185
11.21	0.848068
11.22	0.848011
11.23	0.847996
11.24	0.84798
11.25	0.847965
11.26	0.848117
11.27	0.848081
11.28	0.848631
11.29	0.849271
11.3	0.849445
11.31	0.849944
11.32	0.849583
11.33	0.850368
11.34	0.850669
11.35	0.850568
11.36	0.850452
11.37	0.84969
11.38	0.849543
11.39	0.84935
11.4	0.848598
11.41	0.848374
11.42	0.849208
11.43	0.849512
11.44	0.849293
11.45	0.849182
11.46	0.849756
11.47	0.849518
11.48	0.848978
11.49	0.84843
11.5	0.848061
11.51	0.848443
11.52	0.848592
11.53	0.849007
11.54	0.849408
11.55	0.84949
11.56	0.849048
11.57	0.849018
11.58	0.848343
11.59	0.848137
11.6	0.847568
11.61	0.847081
11.62	0.847459
11.63	0.847659
11.64	0.848568
11.65	0.84827
11.66	0.847276
11.67	0.847114
11.68	0.846669
11.69	0.847148
11.7	0.847358
11.71	0.846891
11.72	0.846758
11.73	0.846912
11.74	0.847206
11.75	0.846826
11.76	0.84639
11.77	0.846255
11.78	0.845881
11.79	0.846675
11.8	0.846535
11.81	0.846143
11.82	0.847041
11.83	0.848142
11.84	0.848421
11.85	0.848375
11.86	0.848018
11.87	0.84782
11.88	0.848347
11.89	0.848313
11.9	0.848004
11.91	0.846978
11.92	0.846681
11.93	0.846562
11.94	0.846735
11.95	0.846896
11.96	0.847242
11.97	0.847198
11.98	0.846737
11.99	0.846547
12	0.846876
12.01	0.847246
12.02	0.848021
12.03	0.848376
12.04	0.848501
12.05	0.848354
12.06	0.84887
12.07	0.848637
12.08	0.848448
12.09	0.848192
12.1	0.848474
12.11	0.848299
12.12	0.848408
12.13	0.84872
12.14	0.849044
12.15	0.849401
12.16	0.850067
12.17	0.849893
12.18	0.848743
12.19	0.848553
12.2	0.849052
12.21	0.848741
12.22	0.848637
12.23	0.848532
12.24	0.848524
12.25	0.84824
12.26	0.847933
12.27	0.847257
12.28	0.846933
12.29	0.846653
12.3	0.846414
12.31	0.84684
12.32	0.846874
12.33	0.846734
12.34	0.84722
12.35	0.847105
12.36	0.847795
12.37	0.848089
12.38	0.848524
12.39	0.849261
12.4	0.849095
12.41	0.848408
12.42	0.848329
12.43	0.848222
12.44	0.849073
12.45	0.849664
12.46	0.849383
12.47	0.848642
12.48	0.849046
12.49	0.848584
12.5	0.848188
12.51	0.848463
12.52	0.848123
12.53	0.847017
12.54	0.846944
12.55	0.848138
12.56	0.848618
12.57	0.84872
12.58	0.848354
12.59	0.848304
12.6	0.848208
12.61	0.848658
12.62	0.84905
12.63	0.849212
12.64	0.849616
12.65	0.849748
12.66	0.849726
12.67	0.849628
12.68	0.849298
12.69	0.848737
12.7	0.848417
12.71	0.848434
12.72	0.848082
12.73	0.847868
12.74	0.847524
12.75	0.84771
12.76	0.847615
12.77	0.847603
12.78	0.847547
12.79	0.847462
12.8	0.847176
12.81	0.846867
12.82	0.846604
12.83	0.84669
12.84	0.847045
12.85	0.847494
12.86	0.847783
12.87	0.847552
12.88	0.847607
12.89	0.847918
12.9	0.847335
12.91	0.847046
12.92	0.847067
12.93	0.84727
12.94	0.847518
12.95	0.847523
12.96	0.847954
12.97	0.848033
12.98	0.848433
12.99	0.848206
13	0.847734
13.01	0.8475
13.02	0.847259
13.03	0.847045
13.04	0.846887
13.05	0.84721
13.06	0.847577
13.07	0.847784
13.08	0.847972
13.09	0.848073
13.1	0.848051
13.11	0.847827
13.12	0.848233
13.13	0.848288
13.14	0.84803
13.15	0.847843
13.16	0.847547
13.17	0.847626
13.18	0.84773
13.19	0.847253
13.2	0.847225
13.21	0.846942
13.22	0.846264
13.23	0.846326
13.24	0.845974
13.25	0.845697
13.26	0.84561
13.27	0.845321
13.28	0.845323
13.29	0.845873
13.3	0.846088
13.31	0.846166
13.32	0.846205
13.33	0.845632
13.34	0.845812
13.35	0.845682
13.36	0.845354
13.37	0.844764
13.38	0.844487
13.39	0.84471
13.4	0.844716
13.41	0.845238
13.42	0.844636
13.43	0.844408
13.44	0.844551
13.45	0.845023
13.46	0.845477
13.47	0.84568
13.48	0.845938
13.49	0.845836
13.5	0.845917
13.51	0.845812
13.52	0.845769
13.53	0.845615
13.54	0.845455
13.55	0.844937
13.56	0.845368
13.57	0.845669
13.58	0.845709
13.59	0.845458
13.6	0.845017
13.61	0.845194
13.62	0.845619
13.63	0.845834
13.64	0.845635
13.65	0.845318
13.66	0.845139
13.67	0.844965
13.68	0.844661
13.69	0.844821
13.7	0.845238
13.71	0.846052
13.72	0.846657
13.73	0.846375
13.74	0.846146
13.75	0.845966
13.76	0.846307
13.77	0.846539
13.78	0.845917
13.79	0.84566
13.8	0.845963
13.81	0.846488
13.82	0.846846
13.83	0.846655
13.84	0.846414
13.85	0.845737
13.86	0.845542
13.87	0.845947
13.88	0.845766
13.89	0.845544
13.9	0.845187
13.91	0.845163
13.92	0.844857
13.93	0.844934
13.94	0.845612
13.95	0.845895
13.96	0.845557
13.97	0.846135
13.98	0.846507
13.99	0.846216
14	0.845643
14.01	0.845395
14.02	0.845774
14.03	0.845553
14.04	0.844905
14.05	0.844704
14.06	0.845216
14.07	0.845707
14.08	0.84632
14.09	0.846253
14.1	0.845423
14.11	0.84549
14.12	0.84571
14.13	0.845418
14.14	0.845635
14.15	0.845135
14.16	0.845141
14.17	0.845629
14.18	0.845617
14.19	0.845891
14.2	0.846282
14.21	0.846367
14.22	0.846115
14.23	0.845785
14.24	0.845639
14.25	0.845491
14.26	0.845551
14.27	0.845844
14.28	0.846437
14.29	0.845763
14.3	0.845151
14.31	0.844664
14.32	0.844888
14.33	0.844933
14.34	0.84455
14.35	0.844399
14.36	0.844316
14.37	0.844473
14.38	0.844438
14.39	0.844537
14.4	0.84495
14.41	0.844836
14.42	0.84453
14.43	0.8447
14.44	0.844627
14.45	0.8442
14.46	0.844391
14.47	0.844709
14.48	0.84485
14.49	0.84463
14.5	0.844189
14.51	0.84397
14.52	0.844007
14.53	0.843585
14.54	0.843463
14.55	0.843789
14.56	0.843868
14.57	0.844238
14.58	0.844747
14.59	0.844753
14.6	0.844368
14.61	0.844043
14.62	0.844405
14.63	0.844973
14.64	0.844999
14.65	0.84479
14.66	0.844707
14.67	0.844883
14.68	0.845038
14.69	0.845034
14.7	0.844624
14.71	0.844402
14.72	0.844128
14.73	0.843787
14.74	0.843832
14.75	0.844179
14.76	0.844438
14.77	0.844911
14.78	0.845477
14.79	0.84592
14.8	0.845974
14.81	0.846055
14.82	0.846042
14.83	0.84579
14.84	0.845368
14.85	0.845714
14.86	0.845827
14.87	0.845778
14.88	0.845744
14.89	0.845648
14.9	0.846197
14.91	0.846194
14.92	0.845665
14.93	0.8458
14.94	0.846127
14.95	0.846746
14.96	0.847344
14.97	0.84698
14.98	0.847253
14.99	0.847254
15	0.846668
15.01	0.846076
15.02	0.845718
15.03	0.844824
15.04	0.844453
15.05	0.84487
15.06	0.845073
15.07	0.844938
15.08	0.845139
15.09	0.845114
15.1	0.845131
15.11	0.845454
15.12	0.845841
15.13	0.845771
15.14	0.84568
15.15	0.845927
15.16	0.845883
15.17	0.846162
15.18	0.845891
15.19	0.845246
15.2	0.845219
15.21	0.845153
15.22	0.845474
15.23	0.845456
15.24	0.845109
15.25	0.845467
15.26	0.845297
15.27	0.846203
15.28	0.845145
15.29	0.844366
15.3	0.844359
15.31	0.844551
15.32	0.844274
15.33	0.844369
15.34	0.844604
15.35	0.844184
15.36	0.84431
15.37	0.844337
15.38	0.8441
15.39	0.843665
15.4	0.843396
15.41	0.843287
15.42	0.843454
15.43	0.843506
15.44	0.843659
15.45	0.843776
15.46	0.843888
15.47	0.843853
15.48	0.844238
15.49	0.844083
15.5	0.84387
15.51	0.84376
15.52	0.843951
15.53	0.843411
15.54	0.843237
15.55	0.843272
15.56	0.843688
15.57	0.843821
15.58	0.843895
15.59	0.843831
15.6	0.843584
15.61	0.843542
15.62	0.843721
15.63	0.843703
15.64	0.843903
15.65	0.843841
15.66	0.84427
15.67	0.844542
15.68	0.844331
15.69	0.844414
15.7	0.8446
15.71	0.845366
15.72	0.84599
15.73	0.846408
15.74	0.845752
15.75	0.845195
15.76	0.844839
15.77	0.84498
15.78	0.845167
15.79	0.845094
15.8	0.845557
15.81	0.845599
15.82	0.84521
15.83	0.844996
15.84	0.845115
15.85	0.845405
15.86	0.845584
15.87	0.844861
15.88	0.84422
15.89	0.844386
15.9	0.844257
15.91	0.844043
15.92	0.844278
15.93	0.844219
15.94	0.844187
15.95	0.843811
15.96	0.843787
15.97	0.8439
15.98	0.843688
15.99	0.843924
16	0.843815
16.01	0.844094
16.02	0.844384
16.03	0.844601
16.04	0.844784
16.05	0.844726
16.06	0.844536
16.07	0.844342
16.08	0.843795
16.09	0.843259
16.1	0.84303
16.11	0.843015
16.12	0.842843
16.13	0.842964
16.14	0.842889
16.15	0.843038
16.16	0.843411
16.17	0.843389
16.18	0.843367
16.19	0.84338
16.2	0.843928
16.21	0.844295
16.22	0.844267
16.23	0.843935
16.24	0.843988
16.25	0.844062
16.26	0.844002
16.27	0.844256
16.28	0.844568
16.29	0.844091
16.3	0.843418
16.31	0.843828
16.32	0.844159
16.33	0.844103
16.34	0.843885
16.35	0.843875
16.36	0.843949
16.37	0.844004
16.38	0.843918
16.39	0.843919
16.4	0.844203
16.41	0.844254
16.42	0.844333
16.43	0.844193
16.44	0.844222
16.45	0.844259
16.46	0.844547
16.47	0.844725
16.48	0.844696
16.49	0.84469
16.5	0.844891
16.51	0.844925
16.52	0.845278
16.53	0.845431
16.54	0.845278
16.55	0.845748
16.56	0.845723
16.57	0.84552
16.58	0.845709
16.59	0.845458
16.6	0.844856
16.61	0.844939
16.62	0.844942
16.63	0.844656
16.64	0.844713
16.65	0.844338
16.66	0.844072
16.67	0.84367
16.68	0.843739
16.69	0.843611
16.7	0.843798
16.71	0.844184
16.72	0.844328
16.73	0.843978
16.74	0.84344
16.75	0.842861
16.76	0.842471
16.77	0.842223
16.78	0.842275
16.79	0.842646
16.8	0.842738
16.81	0.843073
16.82	0.843017
16.83	0.842933
16.84	0.842613
16.85	0.842537
16.86	0.842798
16.87	0.842772
16.88	0.842835
16.89	0.843002
16.9	0.84301
16.91	0.843148
16.92	0.84314
16.93	0.84324
16.94	0.843135
16.95	0.84324
16.96	0.843226
16.97	0.843039
16.98	0.842579
16.99	0.842458
17	0.842764
17.01	0.842983
17.02	0.843024
17.03	0.8429
17.04	0.842626
17.05	0.842868
17.06	0.842984
17.07	0.842986
17.08	0.843091
17.09	0.843016
17.1	0.843272
17.11	0.84325
17.12	0.843585
17.13	0.843642
17.14	0.843597
17.15	0.843624
17.16	0.843214
17.17	0.843146
17.18	0.843869
17.19	0.844064
17.2	0.843895
17.21	0.844344
17.22	0.845136
17.23	0.845621
17.24	0.846084
17.25	0.846227
17.26	0.846155
17.27	0.845952
17.28	0.845969
17.29	0.845822
17.3	0.845776
17.31	0.845412
17.32	0.845134
17.33	0.844713
17.34	0.844814
17.35	0.845103
17.36	0.84476
17.37	0.844309
17.38	0.843891
17.39	0.843082
17.4	0.842748
17.41	0.842379
17.42	0.842148
17.43	0.842393
17.44	0.84241
17.45	0.842309
17.46	0.842603
17.47	0.842981
17.48	0.843123
17.49	0.843402
17.5	0.843551
17.51	0.843548
17.52	0.843345
17.53	0.843341
17.54	0.843408
17.55	0.84355
17.56	0.843642
17.57	0.84401
17.58	0.843776
17.59	0.843414
17.6	0.84315
17.61	0.84295
17.62	0.842814
17.63	0.842893
17.64	0.843221
17.65	0.84355
17.66	0.843993
17.67	0.844056
17.68	0.843988
17.69	0.843745
17.7	0.843881
17.71	0.843976
17.72	0.843993
17.73	0.843843
17.74	0.84406
17.75	0.844237
17.76	0.844267
17.77	0.843878
17.78	0.843548
17.79	0.843268
17.8	0.843497
17.81	0.84338
17.82	0.843675
17.83	0.843681
17.84	0.843334
17.85	0.843316
17.86	0.843725
17.87	0.843407
17.88	0.843142
17.89	0.84302
17.9	0.842592
17.91	0.842449
17.92	0.842729
17.93	0.84283
17.94	0.842308
17.95	0.84254
17.96	0.842574
17.97	0.842716
17.98	0.842765
17.99	0.843042
18	0.84302
18.01	0.842831
18.02	0.84275
18.03	0.842703
18.04	0.842928
18.05	0.842885
18.06	0.8431
18.07	0.84293
18.08	0.842957
18.09	0.843344
18.1	0.843689
18.11	0.843932
18.12	0.84397
18.13	0.843955
18.14	0.843982
18.15	0.844514
18.16	0.84506
18.17	0.845129
18.18	0.844437
18.19	0.844222
18.2	0.844522
18.21	0.844521
18.22	0.844413
18.23	0.844366
18.24	0.844271
18.25	0.84436
18.26	0.844439
18.27	0.844666
18.28	0.844791
18.29	0.844664
18.3	0.844522
18.31	0.843944
18.32	0.843759
18.33	0.843673
18.34	0.843232
18.35	0.843312
18.36	0.843169
18.37	0.843124
18.38	0.843316
18.39	0.84287
18.4	0.842682
18.41	0.842601
18.42	0.842681
18.43	0.842398
18.44	0.841947
18.45	0.841762
18.46	0.84191
18.47	0.842407
18.48	0.842767
18.49	0.843225
18.5	0.843316
18.51	0.843318
18.52	0.843277
18.53	0.843561
18.54	0.843873
18.55	0.843987
18.56	0.84395
18.57	0.84372
18.58	0.843613
18.59	0.843505
18.6	0.843149
18.61	0.842872
18.62	0.84305
18.63	0.843479
18.64	0.843415
18.65	0.843087
18.66	0.842949
18.67	0.842944
18.68	0.843098
18.69	0.842873
18.7	0.842565
18.71	0.842545
18.72	0.842504
18.73	0.842345
18.74	0.842194
18.75	0.841796
18.76	0.841606
18.77	0.841532
18.78	0.841375
18.79	0.841142
18.8	0.841046
18.81	0.841152
18.82	0.841083
18.83	0.841199
18.84	0.841856
18.85	0.842438
18.86	0.842746
18.87	0.842614
18.88	0.842532
18.89	0.842844
18.9	0.843539
18.91	0.843881
18.92	0.844261
18.93	0.844159
18.94	0.843903
18.95	0.844106
18.96	0.843983
18.97	0.843849
18.98	0.843818
18.99	0.843868
19	0.844076
19.01	0.843801
19.02	0.844038
19.03	0.844348
19.04	0.843948
19.05	0.843762
19.06	0.843944
19.07	0.844047
19.08	0.843939
19.09	0.84379
19.1	0.843712
19.11	0.843558
19.12	0.843579
19.13	0.84353
19.14	0.843636
19.15	0.843326
19.16	0.842816
19.17	0.842327
19.18	0.842013
19.19	0.841901
19.2	0.841917
19.21	0.842058
19.22	0.841992
19.23	0.841923
19.24	0.841915
19.25	0.84213
19.26	0.84218
19.27	0.841871
19.28	0.841865
19.29	0.841988
19.3	0.841776
19.31	0.841594
19.32	0.841669
19.33	0.841954
19.34	0.841936
19.35	0.84167
19.36	0.841886
19.37	0.841709
19.38	0.841697
19.39	0.841746
19.4	0.841812
19.41	0.841926
19.42	0.841912
19.43	0.841802
19.44	0.841878
19.45	0.841654
19.46	0.841679
19.47	0.841764
19.48	0.842073
19.49	0.842132
19.5	0.842335
19.51	0.842486
19.52	0.842336
19.53	0.841993
19.54	0.842003
19.55	0.84201
19.56	0.841837
19.57	0.841728
19.58	0.842162
19.59	0.842324
19.6	0.84212
19.61	0.842313
19.62	0.842834
19.63	0.843116
19.64	0.843123
19.65	0.843188
19.66	0.84301
19.67	0.843151
19.68	0.843107
19.69	0.84316
19.7	0.842931
19.71	0.842833
19.72	0.842796
19.73	0.842637
19.74	0.842632
19.75	0.842345
19.76	0.842051
19.77	0.841603
19.78	0.841326
19.79	0.840997
19.8	0.840628
19.81	0.840363
19.82	0.840433
19.83	0.840689
19.84	0.840825
19.85	0.841006
19.86	0.840942
19.87	0.841069
19.88	0.841116
19.89	0.841141
19.9	0.841397
19.91	0.841469
19.92	0.841581
19.93	0.841511
19.94	0.841503
19.95	0.841353
19.96	0.841315
19.97	0.841459
19.98	0.841482
19.99	0.841449
20	0.841243
19.99	0.841397
19.98	0.841561
19.97	0.841443
19.96	0.841386
19.95	0.841422
19.94	0.841585
19.93	0.8419
19.92	0.842251
19.91	0.842347
19.9	0.842176
19.89	0.842325
19.88	0.842465
19.87	0.842406
19.86	0.842439
19.85	0.842584
19.84	0.842441
19.83	0.842478
19.82	0.842586
19.81	0.842543
19.8	0.84256
19.79	0.842572
19.78	0.842676
19.77	0.843015
19.76	0.843144
19.75	0.842834
19.74	0.842626
19.73	0.842584
19.72	0.842631
19.71	0.842804
19.7	0.842724
19.69	0.842485
19.68	0.842236
19.67	0.842024
19.66	0.841818
19.65	0.841778
19.64	0.841644
19.63	0.841798
19.62	0.841788
19.61	0.84143
19.6	0.841335
19.59	0.841376
19.58	0.841472
19.57	0.841483
19.56	0.841291
19.55	0.841069
19.54	0.841128
19.53	0.841111
19.52	0.840926
19.51	0.840997
19.5	0.841109
19.49	0.841244
19.48	0.841413
19.47	0.84171
19.46	0.84188
19.45	0.841915
19.44	0.841795
19.43	0.841752
19.42	0.841571
19.41	0.841492
19.4	0.84133
19.39	0.841117
19.38	0.841088
19.37	0.840877
19.36	0.841199
19.35	0.841421
19.34	0.84128
19.33	0.841312
19.32	0.840874
19.31	0.840834
19.3	0.841211
19.29	0.841445
19.28	0.841329
19.27	0.840985
19.26	0.840751
19.25	0.840815
19.24	0.840943
19.23	0.840915
19.22	0.841081
19.21	0.84098
19.2	0.841138
19.19	0.841233
19.18	0.841068
19.17	0.841061
19.16	0.841318
19.15	0.841556
19.14	0.841863
19.13	0.841757
19.12	0.841585
19.11	0.841553
19.1	0.841217
19.09	0.841191
19.08	0.84115
19.07	0.841063
19.06	0.841175
19.05	0.841284
19.04	0.841355
19.03	0.841464
19.02	0.841083
19.01	0.841132
19	0.841181
18.99	0.841222
18.98	0.841237
18.97	0.841395
18.96	0.841598
18.95	0.841979
18.94	0.842417
18.93	0.843004
18.92	0.843513
18.91	0.843342
18.9	0.843313
18.89	0.843301
18.88	0.843315
18.87	0.843115
18.86	0.843197
18.85	0.8432
18.84	0.843194
18.83	0.842998
18.82	0.842955
18.81	0.843381
18.8	0.843453
18.79	0.843059
18.78	0.843285
18.77	0.843303
18.76	0.843288
18.75	0.843271
18.74	0.843393
18.73	0.843783
18.72	0.844312
18.71	0.844562
18.7	0.844506
18.69	0.843967
18.68	0.844059
18.67	0.844387
18.66	0.844294
18.65	0.843999
18.64	0.843679
18.63	0.843648
18.62	0.843386
18.61	0.843369
18.6	0.843351
18.59	0.843335
18.58	0.843782
18.57	0.843701
18.56	0.843696
18.55	0.843817
18.54	0.843616
18.53	0.843515
18.52	0.843301
18.51	0.84287
18.5	0.842725
18.49	0.842474
18.48	0.842453
18.47	0.84249
18.46	0.842403
18.45	0.842541
18.44	0.842969
18.43	0.843172
18.42	0.843128
18.41	0.84288
18.4	0.842945
18.39	0.843139
18.38	0.84327
18.37	0.842967
18.36	0.842932
18.35	0.842771
18.34	0.842892
18.33	0.842893
18.32	0.843155
18.31	0.843281
18.3	0.843034
18.29	0.842812
18.28	0.842617
18.27	0.842775
18.26	0.842787
18.25	0.8425
18.24	0.842201
18.23	0.841801
18.22	0.842323
18.21	0.842534
18.2	0.842767
18.19	0.843331
18.18	0.843281
18.17	0.843532
18.16	0.843356
18.15	0.843044
18.14	0.842901
18.13	0.842664
18.12	0.842674
18.11	0.842514
18.1	0.842585
18.09	0.842529
18.08	0.842418
18.07	0.842298
18.06	0.841954
18.05	0.841961
18.04	0.842031
18.03	0.842233
18.02	0.842183
18.01	0.841911
18	0.842088
17.99	0.842232
17.98	0.84239
17.97	0.842394
17.96	0.84247
17.95	0.842098
17.94	0.842267
17.93	0.842287
17.92	0.842355
17.91	0.841876
17.9	0.841677
17.89	0.841726
17.88	0.841671
17.87	0.841671
17.86	0.841326
17.85	0.841288
17.84	0.84114
17.83	0.841221
17.82	0.841292
17.81	0.841334
17.8	0.841502
17.79	0.841841
17.78	0.842125
17.77	0.842405
17.76	0.842712
17.75	0.842568
17.74	0.84258
17.73	0.84282
17.72	0.843114
17.71	0.843184
17.7	0.84296
17.69	0.843024
17.68	0.843599
17.67	0.844266
17.66	0.844282
17.65	0.84441
17.64	0.844872
17.63	0.844851
17.62	0.844957
17.61	0.844682
17.6	0.844882
17.59	0.844572
17.58	0.844501
17.57	0.844491
17.56	0.844251
17.55	0.843902
17.54	0.843885
17.53	0.843969
17.52	0.844096
17.51	0.843975
17.5	0.844781
17.49	0.845111
17.48	0.845251
17.47	0.845241
17.46	0.845255
17.45	0.845016
17.44	0.84447
17.43	0.844396
17.42	0.844016
17.41	0.843737
17.4	0.843668
17.39	0.843948
17.38	0.843913
17.37	0.84317
17.36	0.842929
17.35	0.842995
17.34	0.843276
17.33	0.84342
17.32	0.84336
17.31	0.842877
17.3	0.842428
17.29	0.842593
17.28	0.842778
17.27	0.842519
17.26	0.842562
17.25	0.842628
17.24	0.84277
17.23	0.843368
17.22	0.843542
17.21	0.843714
17.2	0.843916
17.19	0.843961
17.18	0.844208
17.17	0.844559
17.16	0.844304
17.15	0.84419
17.14	0.844366
17.13	0.844537
17.12	0.843975
17.11	0.843427
17.1	0.843431
17.09	0.843259
17.08	0.843042
17.07	0.843249
17.06	0.843569
17.05	0.843526
17.04	0.843075
17.03	0.842802
17.02	0.842625
17.01	0.842459
17	0.842502
16.99	0.842638
16.98	0.842214
16.97	0.841921
16.96	0.841367
16.95	0.840927
16.94	0.841204
16.93	0.841239
16.92	0.841062
16.91	0.841184
16.9	0.841108
16.89	0.841919
16.88	0.842535
16.87	0.842443
16.86	0.842589
16.85	0.842832
16.84	0.842813
16.83	0.842491
16.82	0.842118
16.81	0.842512
16.8	0.842258
16.79	0.841902
16.78	0.841673
16.77	0.841466
16.76	0.841342
16.75	0.841099
16.74	0.841357
16.73	0.841574
16.72	0.841465
16.71	0.841755
16.7	0.841634
16.69	0.841348
16.68	0.840855
16.67	0.840416
16.66	0.8408
16.65	0.841005
16.64	0.841459
16.63	0.841433
16.62	0.841402
16.61	0.841784
16.6	0.842517
16.59	0.84276
16.58	0.842535
16.57	0.842454
16.56	0.842334
16.55	0.842291
16.54	0.842368
16.53	0.842469
16.52	0.842256
16.51	0.841871
16.5	0.841922
16.49	0.842173
16.48	0.842586
16.47	0.842864
16.46	0.842705
16.45	0.842908
16.44	0.842629
16.43	0.842872
16.42	0.842832
16.41	0.843025
16.4	0.843196
16.39	0.84316
16.38	0.843504
16.37	0.843656
16.36	0.843993
16.35	0.84465
16.34	0.845139
16.33	0.845423
16.32	0.845681
16.31	0.845543
16.3	0.845312
16.29	0.845185
16.28	0.844843
16.27	0.844703
16.26	0.844817
16.25	0.844911
16.24	0.845235
16.23	0.84521
16.22	0.844981
16.21	0.845082
16.2	0.845355
16.19	0.845452
16.18	0.84492
16.17	0.844787
16.16	0.844831
16.15	0.844791
16.14	0.844845
16.13	0.844611
16.12	0.844187
16.11	0.843532
16.1	0.843521
16.09	0.843546
16.08	0.843429
16.07	0.843689
16.06	0.844091
16.05	0.843579
16.04	0.843558
16.03	0.843315
16.02	0.84336
16.01	0.843317
16	0.843074
15.99	0.84306
15.98	0.8433
15.97	0.843191
15.96	0.84348
15.95	0.843724
15.94	0.84406
15.93	0.844037
15.92	0.843697
15.91	0.843591
15.9	0.843269
15.89	0.842994
15.88	0.84326
15.87	0.843786
15.86	0.844576
15.85	0.844963
15.84	0.84533
15.83	0.845196
15.82	0.845006
15.81	0.844794
15.8	0.844448
15.79	0.844352
15.78	0.844439
15.77	0.84435
15.76	0.844284
15.75	0.844239
15.74	0.844326
15.73	0.844354
15.72	0.844438
15.71	0.8445
15.7	0.844274
15.69	0.843915
15.68	0.84398
15.67	0.844056
15.66	0.844266
15.65	0.844688
15.64	0.844229
15.63	0.844421
15.62	0.844756
15.61	0.844282
15.6	0.843775
15.59	0.843895
15.58	0.843822
15.57	0.843917
15.56	0.844098
15.55	0.844068
15.54	0.844429
15.53	0.844622
15.52	0.844521
15.51	0.844061
15.5	0.843556
15.49	0.843365
15.48	0.843282
15.47	0.843453
15.46	0.843842
15.45	0.844014
15.44	0.844259
15.43	0.844104
15.42	0.844335
15.41	0.844136
15.4	0.843716
15.39	0.844164
15.38	0.844265
15.37	0.843875
15.36	0.844007
15.35	0.843732
15.34	0.843429
15.33	0.843568
15.32	0.843641
15.31	0.843881
15.3	0.844569
15.29	0.845294
15.28	0.845502
15.27	0.845237
15.26	0.845341
15.25	0.84551
15.24	0.845529
15.23	0.845468
15.22	0.845643
15.21	0.845071
15.2	0.844389
15.19	0.843937
15.18	0.843922
15.17	0.844209
15.16	0.844531
15.15	0.843918
15.14	0.843508
15.13	0.843706
15.12	0.844096
15.11	0.844348
15.1	0.844809
15.09	0.845069
15.08	0.845247
15.07	0.845252
15.06	0.84544
15.05	0.845105
15.04	0.845175
15.03	0.8455
15.02	0.845954
15.01	0.846075
15	0.845742
14.99	0.845735
14.98	0.846065
14.97	0.846279
14.96	0.846163
14.95	0.845963
14.94	0.84679
14.93	0.846858
14.92	0.846342
14.91	0.845708
14.9	0.845294
14.89	0.844757
14.88	0.844913
14.87	0.845036
14.86	0.844597
14.85	0.844427
14.84	0.84447
14.83	0.844896
14.82	0.845013
14.81	0.845245
14.8	0.845309
14.79	0.845001
14.78	0.845112
14.77	0.845028
14.76	0.844705
14.75	0.844593
14.74	0.845146
14.73	0.845107
14.72	0.844865
14.71	0.845127
14.7	0.84522
14.69	0.845045
14.68	0.845629
14.67	0.845643
14.66	0.84581
14.65	0.846007
14.64	0.845445
14.63	0.844756
14.62	0.84425
14.61	0.8449
14.6	0.845005
14.59	0.844899
14.58	0.844919
14.57	0.845155
14.56	0.845438
14.55	0.845713
14.54	0.84526
14.53	0.844837
14.52	0.844749
14.51	0.844564
14.5	0.844461
14.49	0.844549
14.48	0.844939
14.47	0.845437
14.46	0.845207
14.45	0.8452
14.44	0.845509
14.43	0.845616
14.42	0.845383
14.41	0.845449
14.4	0.845756
14.39	0.846038
14.38	0.845432
14.37	0.844779
14.36	0.845097
14.35	0.845135
14.34	0.845243
14.33	0.845407
14.32	0.84587
14.31	0.846296
14.3	0.846463
14.29	0.845869
14.28	0.8451
14.27	0.844869
14.26	0.845017
14.25	0.844987
14.24	0.844392
14.23	0.844369
14.22	0.844697
14.21	0.845168
14.2	0.845481
14.19	0.845569
14.18	0.845505
14.17	0.845365
14.16	0.845215
14.15	0.845003
14.14	0.844688
14.13	0.844946
14.12	0.845175
14.11	0.845377
14.1	0.845231
14.09	0.845292
14.08	0.845559
14.07	0.845239
14.06	0.844996
14.05	0.844993
14.04	0.84547
14.03	0.845561
14.02	0.845081
14.01	0.845082
14	0.845023
13.99	0.844977
13.98	0.844708
13.97	0.844605
13.96	0.844981
13.95	0.84482
13.94	0.844744
13.93	0.844753
13.92	0.844391
13.91	0.844575
13.9	0.844627
13.89	0.844591
13.88	0.844413
13.87	0.84469
13.86	0.845132
13.85	0.845225
13.84	0.845591
13.83	0.845842
13.82	0.845882
13.81	0.845764
13.8	0.845462
13.79	0.845541
13.78	0.845707
13.77	0.84534
13.76	0.845715
13.75	0.845437
13.74	0.84548
13.73	0.846313
13.72	0.846219
13.71	0.846113
13.7	0.84611
13.69	0.84631
13.68	0.846181
13.67	0.845904
13.66	0.845251
13.65	0.844675
13.64	0.844597
13.63	0.845083
13.62	0.84566
13.61	0.846219
13.6	0.845883
13.59	0.845662
13.58	0.845458
13.57	0.845072
13.56	0.84501
13.55	0.844494
13.54	0.844415
13.53	0.844356
13.52	0.844874
13.51	0.84471
13.5	0.844344
13.49	0.843917
13.48	0.843863
13.47	0.844162
13.46	0.844453
13.45	0.844535
13.44	0.844685
13.43	0.84501
13.42	0.845135
13.41	0.844984
13.4	0.845067
13.39	0.845417
13.38	0.846089
13.37	0.846263
13.36	0.846123
13.35	0.846372
13.34	0.8466
13.33	0.846399
13.32	0.845852
13.31	0.845866
13.3	0.846177
13.29	0.846078
13.28	0.845567
13.27	0.845749
13.26	0.845996
13.25	0.846259
13.24	0.846192
13.23	0.846134
13.22	0.846408
13.21	0.846292
13.2	0.845576
13.19	0.845239
13.18	0.845279
13.17	0.845226
13.16	0.845063
13.15	0.844962
13.14	0.845212
13.13	0.845901
13.12	0.845886
13.11	0.846887
13.1	0.8474
13.09	0.84778
13.08	0.84812
13.07	0.848089
13.06	0.847902
13.05	0.847751
13.04	0.847568
13.03	0.847302
13.02	0.84651
13.01	0.846758
13	0.847321
12.99	0.847794
12.98	0.848258
12.97	0.84835
12.96	0.847689
12.95	0.847619
12.94	0.847598
12.93	0.847775
12.92	0.848098
12.91	0.848002
12.9	0.847913
12.89	0.847908
12.88	0.848027
12.87	0.848117
12.86	0.848158
12.85	0.847535
12.84	0.847668
12.83	0.847654
12.82	0.847656
12.81	0.847673
12.8	0.848521
12.79	0.848729
12.78	0.849215
12.77	0.849521
12.76	0.849669
12.75	0.849755
12.74	0.849653
12.73	0.849553
12.72	0.849308
12.71	0.848717
12.7	0.847505
12.69	0.84718
12.68	0.847267
12.67	0.847664
12.66	0.847709
12.65	0.846979
12.64	0.846373
12.63	0.846344
12.62	0.846595
12.61	0.84671
12.6	0.846402
12.59	0.845909
12.58	0.845779
12.57	0.845357
12.56	0.845612
12.55	0.845511
12.54	0.845563
12.53	0.845653
12.52	0.846191
12.51	0.846619
12.5	0.847146
12.49	0.847606
12.48	0.847722
12.47	0.847591
12.46	0.847813
12.45	0.847715
12.44	0.847771
12.43	0.847897
12.42	0.847667
12.41	0.847953
12.4	0.847956
12.39	0.847518
12.38	0.84783
12.37	0.847934
12.36	0.847162
12.35	0.847417
12.34	0.847057
12.33	0.84741
12.32	0.848163
12.31	0.849286
12.3	0.849118
12.29	0.849223
12.28	0.849269
12.27	0.849075
12.26	0.849115
12.25	0.849154
12.24	0.849014
12.23	0.848732
12.22	0.849372
12.21	0.849913
12.2	0.849436
12.19	0.849759
12.18	0.849599
12.17	0.84938
12.16	0.850234
12.15	0.849636
12.14	0.84942
12.13	0.84965
12.12	0.849643
12.11	0.849289
12.1	0.848743
12.09	0.847945
12.08	0.847284
12.07	0.847538
12.06	0.847451
12.05	0.847204
12.04	0.847678
12.03	0.84777
12.02	0.847682
12.01	0.847697
12	0.847673
11.99	0.847553
11.98	0.84795
11.97	0.848228
11.96	0.847952
11.95	0.848158
11.94	0.848145
11.93	0.847421
11.92	0.847391
11.91	0.84761
11.9	0.847746
11.89	0.847538
11.88	0.848525
11.87	0.848637
11.86	0.848332
11.85	0.849157
11.84	0.849951
11.83	0.849724
11.82	0.849773
11.81	0.849284
11.8	0.848873
11.79	0.848516
11.78	0.84845
11.77	0.848478
11.76	0.847842
11.75	0.8478
11.74	0.847521
11.73	0.848013
11.72	0.848006
11.71	0.847069
11.7	0.847106
11.69	0.847259
11.68	0.847599
11.67	0.847845
11.66	0.848106
11.65	0.848295
11.64	0.84862
11.63	0.849727
11.62	0.849619
11.61	0.849617
11.6	0.849464
11.59	0.849216
11.58	0.849213
11.57	0.849421
11.56	0.849152
11.55	0.84883
11.54	0.848243
11.53	0.848165
11.52	0.848355
11.51	0.848274
11.5	0.848671
11.49	0.84907
11.48	0.848739
11.47	0.849149
11.46	0.849563
11.45	0.849356
11.44	0.848699
11.43	0.847917
11.42	0.847575
11.41	0.847379
11.4	0.847874
11.39	0.84843
11.38	0.848955
11.37	0.848343
11.36	0.848388
11.35	0.848506
11.34	0.848493
11.33	0.849049
11.32	0.849291
11.31	0.849343
11.3	0.849283
11.29	0.849421
11.28	0.848443
11.27	0.84737
11.26	0.847173
11.25	0.846771
11.24	0.846979
11.23	0.847181
11.22	0.847151
11.21	0.847273
11.2	0.847
11.19	0.846931
11.18	0.84681
11.17	0.847319
11.16	0.847595
11.15	0.847494
11.14	0.848156
11.13	0.848998
11.12	0.848706
11.11	0.849083
11.1	0.849834
11.09	0.850073
11.08	0.850317
11.07	0.850909
11.06	0.850988
11.05	0.849782
11.04	0.849289
11.03	0.84863
11.02	0.848743
11.01	0.848931
11	0.849351
10.99	0.849325
10.98	0.848735
10.97	0.848895
10.96	0.849486
10.95	0.849577
10.94	0.849586
10.93	0.849826
10.92	0.849562
10.91	0.849243
10.9	0.848764
10.89	0.84791
10.88	0.847286
10.87	0.846748
10.86	0.847405
10.85	0.848172
10.84	0.847957
10.83	0.847927
10.82	0.848669
10.81	0.84867
10.8	0.849335
10.79	0.848831
10.78	0.84861
10.77	0.848873
10.76	0.849653
10.75	0.849464
10.74	0.849497
10.73	0.849431
10.72	0.850008
10.71	0.850996
10.7	0.85084
10.69	0.851161
10.68	0.851636
10.67	0.851491
10.66	0.85166
10.65	0.851758
10.64	0.851631
10.63	0.851372
10.62	0.850794
10.61	0.850423
10.6	0.850613
10.59	0.850867
10.58	0.851431
10.57	0.852304
10.56	0.851619
10.55	0.85099
10.54	0.85044
10.53	0.850483
10.52	0.850991
10.51	0.851148
10.5	0.850911
10.49	0.850326
10.48	0.850963
10.47	0.851362
10.46	0.852208
10.45	0.852131
10.44	0.852041
10.43	0.851522
10.42	0.849988
10.41	0.849693
10.4	0.850452
10.39	0.850552
10.38	0.85055
10.37	0.850916
10.36	0.851437
10.35	0.852311
10.34	0.852083
10.33	0.852199
10.32	0.852375
10.31	0.852466
10.3	0.852323
10.29	0.851699
10.28	0.851206
10.27	0.851016
10.26	0.851059
10.25	0.85124
10.24	0.851587
10.23	0.851938
10.22	0.852457
10.21	0.85291
10.2	0.852788
10.19	0.853182
10.18	0.853566
10.17	0.853091
10.16	0.852331
10.15	0.852084
10.14	0.852094
10.13	0.852577
10.12	0.852134
10.11	0.851971
10.1	0.852157
10.09	0.852034
10.08	0.852749
10.07	0.853249
10.06	0.852973
10.05	0.852721
10.04	0.853039
10.03	0.852749
10.02	0.85245
10.01	0.853085
10	0.853124
9.99	0.853084
9.98	0.85263
9.97	0.852623
9.96	0.8521
9.95	0.851889
9.94	0.850889
9.93	0.850401
9.92	0.850389
9.91	0.849983
9.9	0.849274
9.89	0.849272
9.88	0.849762
9.87	0.850403
9.86	0.850896
9.85	0.85153
9.84	0.85187
9.83	0.851564
9.82	0.851179
9.81	0.851592
9.8	0.851838
9.79	0.852087
9.78	0.853042
9.77	0.853418
9.76	0.853348
9.75	0.853125
9.74	0.853464
9.73	0.853223
9.72	0.853494
9.71	0.853563
9.7	0.852407
9.69	0.853002
9.68	0.853851
9.67	0.854329
9.66	0.854574
9.65	0.854899
9.64	0.854729
9.63	0.854778
9.62	0.854609
9.61	0.855165
9.6	0.854938
9.59	0.854025
9.58	0.853173
9.57	0.853319
9.56	0.853802
9.55	0.852945
9.54	0.851859
9.53	0.851465
9.52	0.852638
9.51	0.852924
9.5	0.85265
9.49	0.852041
9.48	0.851021
9.47	0.850492
9.46	0.849685
9.45	0.849119
9.44	0.850077
9.43	0.850311
9.42	0.850533
9.41	0.850987
9.4	0.851509
9.39	0.8523
9.38	0.853002
9.37	0.853076
9.36	0.853038
9.35	0.852687
9.34	0.853117
9.33	0.853351
9.32	0.853545
9.31	0.853472
9.3	0.853306
9.29	0.853552
9.28	0.853408
9.27	0.854031
9.26	0.854134
9.25	0.854036
9.24	0.853455
9.23	0.852492
9.22	0.85223
9.21	0.852526
9.2	0.852616
9.19	0.852469
9.18	0.852044
9.17	0.852194
9.16	0.851827
9.15	0.85125
9.14	0.851147
9.13	0.850627
9.12	0.85092
9.11	0.851695
9.1	0.852504
9.09	0.85363
9.08	0.852866
9.07	0.852469
9.06	0.853004
9.05	0.853365
9.04	0.853496
9.03	0.853227
9.02	0.85278
9.01	0.85211
9	0.851066
8.99	0.850592
8.98	0.850527
8.97	0.851117
8.96	0.851403
8.95	0.851527
8.94	0.851858
8.93	0.852034
8.92	0.852733
8.91	0.853627
8.9	0.853271
8.89	0.851725
8.88	0.85198
8.87	0.851606
8.86	0.850614
8.85	0.851572
8.84	0.851065
8.83	0.850646
8.82	0.851156
8.81	0.851765
8.8	0.853352
8.79	0.853069
8.78	0.853913
8.77	0.854078
8.76	0.853668
8.75	0.854562
8.74	0.853679
8.73	0.854026
8.72	0.853706
8.71	0.853343
8.7	0.853262
8.69	0.852886
8.68	0.852983
8.67	0.852063
8.66	0.852011
8.65	0.854332
8.64	0.854375
8.63	0.852667
8.62	0.851664
8.61	0.851594
8.6	0.852028
8.59	0.85231
8.58	0.852132
8.57	0.853665
8.56	0.854211
8.55	0.853263
8.54	0.853322
8.53	0.852687
8.52	0.853179
8.51	0.853758
8.5	0.854135
8.49	0.853995
8.48	0.853707
8.47	0.853243
8.46	0.853814
8.45	0.855373
8.44	0.855183
8.43	0.856267
8.42	0.856723
8.41	0.856255
8.4	0.856025
8.39	0.855103
8.38	0.85482
8.37	0.855439
8.36	0.855393
8.35	0.854678
8.34	0.855381
8.33	0.855784
8.32	0.855802
8.31	0.855226
8.3	0.854362
8.29	0.854807
8.28	0.855005
8.27	0.854251
8.26	0.85432
8.25	0.854378
8.24	0.854926
8.23	0.854761
8.22	0.855213
8.21	0.854626
8.2	0.854255
8.19	0.854204
8.18	0.854683
8.17	0.856459
8.16	0.855737
8.15	0.854986
8.14	0.85544
8.13	0.854387
8.12	0.854093
8.11	0.853329
8.1	0.853567
8.09	0.85417
8.08	0.854139
8.07	0.853972
8.06	0.854377
8.05	0.854367
8.04	0.854416
8.03	0.854221
8.02	0.853442
8.01	0.85245
8	0.853646
7.99	0.854345
7.98	0.854465
7.97	0.854125
7.96	0.854824
7.95	0.855503
7.94	0.855271
7.93	0.855433
7.92	0.854442
7.91	0.853057
7.9	0.852214
7.89	0.852633
7.88	0.852574
7.87	0.852533
7.86	0.853393
7.85	0.85423
7.84	0.854699
7.83	0.854924
7.82	0.856278
7.81	0.857261
7.8	0.857277
7.79	0.858213
7.78	0.857918
7.77	0.856696
7.76	0.857345
7.75	0.857531
7.74	0.857546
7.73	0.857523
7.72	0.858741
7.71	0.859555
7.7	0.859185
7.69	0.858093
7.68	0.856857
7.67	0.855947
7.66	0.856241
7.65	0.856422
7.64	0.856307
7.63	0.857443
7.62	0.857514
7.61	0.856534
7.6	0.856592
7.59	0.856836
7.58	0.856861
7.57	0.857687
7.56	0.856708
7.55	0.855409
7.54	0.855675
7.53	0.856186
7.52	0.855775
7.51	0.856041
7.5	0.856519
7.49	0.857839
7.48	0.857883
7.47	0.857353
7.46	0.857349
7.45	0.856514
7.44	0.856118
7.43	0.857584
7.42	0.857934
7.41	0.857588
7.4	0.857713
7.39	0.857573
7.38	0.857077
7.37	0.8579
7.36	0.858492
7.35	0.859259
7.34	0.86083
7.33	0.86127
7.32	0.860138
7.31	0.859496
7.3	0.859422
7.29	0.859408
7.28	0.858159
7.27	0.857544
7.26	0.856878
7.25	0.856338
7.24	0.856838
7.23	0.859239
7.22	0.861014
7.21	0.862322
7.2	0.863513
7.19	0.863854
7.18	0.861821
7.17	0.860895
7.16	0.860466
7.15	0.859447
7.14	0.859196
7.13	0.85994
7.12	0.860343
7.11	0.859619
7.1	0.8597
7.09	0.860595
7.08	0.859486
7.07	0.859239
7.06	0.858713
7.05	0.859654
7.04	0.861648
7.03	0.861373
7.02	0.86115
7.01	0.860815
7	0.86178
6.99	0.861811
6.98	0.861006
6.97	0.860074
6.96	0.859462
6.95	0.859976
6.94	0.860367
6.93	0.859902
6.92	0.859353
6.91	0.859624
6.9	0.860283
6.89	0.859797
6.88	0.858808
6.87	0.859005
6.86	0.859189
6.85	0.859751
6.84	0.860474
6.83	0.86109
6.82	0.860966
6.81	0.860764
6.8	0.85982
6.79	0.859833
6.78	0.858838
6.77	0.859186
6.76	0.861108
6.75	0.861719
6.74	0.862185
6.73	0.861652
6.72	0.861221
6.71	0.861133
6.7	0.860151
6.69	0.859498
6.68	0.858882
6.67	0.858764
6.66	0.859323
6.65	0.858804
6.64	0.85946
6.63	0.860497
6.62	0.861576
6.61	0.862814
6.6	0.863124
6.59	0.862961
6.58	0.861582
6.57	0.860349
6.56	0.860187
6.55	0.860074
6.54	0.860227
6.53	0.85981
6.52	0.858663
6.51	0.858168
6.5	0.857265
6.49	0.858552
6.48	0.858883
6.47	0.85903
6.46	0.859896
6.45	0.860384
6.44	0.85924
6.43	0.858923
6.42	0.859251
6.41	0.860542
6.4	0.861127
6.39	0.861582
6.38	0.863374
6.37	0.864211
6.36	0.864304
6.35	0.865316
6.34	0.86445
6.33	0.865077
6.32	0.865039
6.31	0.863209
6.3	0.863052
6.29	0.862296
6.28	0.861634
6.27	0.861377
6.26	0.862764
6.25	0.864135
6.24	0.865047
6.23	0.865553
6.22	0.865828
6.21	0.866046
6.2	0.86469
6.19	0.864884
6.18	0.863146
6.17	0.861241
6.16	0.860239
6.15	0.859378
6.14	0.860756
6.13	0.861191
6.12	0.861518
6.11	0.86271
6.1	0.862863
6.09	0.863571
6.08	0.863694
6.07	0.862829
6.06	0.862011
6.05	0.861641
6.04	0.861452
6.03	0.861132
6.02	0.86116
6.01	0.863078
6	0.86349
5.99	0.864314
5.98	0.864783
5.97	0.866209
5.96	0.867123
5.95	0.867427
5.94	0.868336
5.93	0.869888
5.92	0.869775
5.91	0.868549
5.9	0.868633
5.89	0.868179
5.88	0.868695
5.87	0.867384
5.86	0.867117
5.85	0.867148
5.84	0.867572
5.83	0.866664
5.82	0.866199
5.81	0.866201
5.8	0.868603
5.79	0.869716
5.78	0.869636
5.77	0.868474
5.76	0.868028
5.75	0.868128
5.74	0.867895
5.73	0.865184
5.72	0.863868
5.71	0.86242
5.7	0.863442
5.69	0.86402
5.68	0.86406
5.67	0.865742
5.66	0.866156
5.65	0.863852
5.64	0.862612
5.63	0.862847
5.62	0.86264
5.61	0.863904
5.6	0.863497
5.59	0.864699
5.58	0.866133
5.57	0.86625
5.56	0.866182
5.55	0.866675
5.54	0.867069
5.53	0.865556
5.52	0.867107
5.51	0.868082
5.5	0.866791
5.49	0.866169
5.48	0.866422
5.47	0.866568
5.46	0.866975
5.45	0.866143
5.44	0.86802
5.43	0.869922
5.42	0.870345
5.41	0.870641
5.4	0.869491
5.39	0.869476
5.38	0.870063
5.37	0.869522
5.36	0.869136
5.35	0.868798
5.34	0.870545
5.33	0.871682
5.32	0.870398
5.31	0.869902
5.3	0.87127
5.29	0.870626
5.28	0.86878
5.27	0.866497
5.26	0.864502
5.25	0.864881
5.24	0.866648
5.23	0.866739
5.22	0.867397
5.21	0.867527
5.2	0.866494
5.19	0.865983
5.18	0.86638
5.17	0.86856
5.16	0.869252
5.15	0.870056
5.14	0.870462
5.13	0.871267
5.12	0.872207
5.11	0.87136
5.1	0.869775
5.09	0.867918
5.08	0.86855
5.07	0.871885
5.06	0.87432
5.05	0.873839
5.04	0.873959
5.03	0.873694
5.02	0.873669
5.01	0.873209
5	0.87532
4.99	0.875123
4.98	0.874084
4.97	0.872772
4.96	0.869676
4.95	0.869759
4.94	0.870276
4.93	0.869843
4.92	0.871802
4.91	0.87461
4.9	0.873824
4.89	0.874039
4.88	0.871229
4.87	0.870181
4.86	0.871192
4.85	0.871032
4.84	0.870378
4.83	0.869506
4.82	0.870009
4.81	0.871072
4.8	0.872686
4.79	0.873483
4.78	0.873535
4.77	0.87361
4.76	0.873081
4.75	0.871563
4.74	0.870102
4.73	0.868949
4.72	0.868059
4.71	0.868561
4.7	0.869395
4.69	0.869636
4.68	0.869205
4.67	0.870434
4.66	0.872167
4.65	0.875131
4.64	0.873699
4.63	0.873393
4.62	0.873807
4.61	0.874132
4.6	0.874333
4.59	0.875474
4.58	0.876651
4.57	0.875095
4.56	0.873753
4.55	0.873591
4.54	0.874169
4.53	0.875577
4.52	0.878304
4.51	0.879474
4.5	0.88141
4.49	0.881194
4.48	0.881791
4.47	0.884343
4.46	0.882815
4.45	0.878647
4.44	0.878852
4.43	0.87826
4.42	0.881359
4.41	0.881498
4.4	0.879796
4.39	0.880104
4.38	0.880671
4.37	0.881749
4.36	0.880896
4.35	0.876632
4.34	0.877736
4.33	0.879311
4.32	0.878753
4.31	0.877346
4.3	0.875961
4.29	0.873503
4.28	0.87259
4.27	0.872172
4.26	0.874658
4.25	0.875645
4.24	0.878285
4.23	0.878674
4.22	0.880508
4.21	0.879278
4.2	0.877933
4.19	0.875156
4.18	0.877703
4.17	0.883274
4.16	0.885405
4.15	0.886772
4.14	0.889765
4.13	0.88822
4.12	0.88655
4.11	0.886346
4.1	0.888017
4.09	0.891072
4.08	0.89122
4.07	0.890423
4.06	0.8933
4.05	0.893187
4.04	0.896675
4.03	0.899182
4.02	0.897081
4.01	0.89394
4	0.895543
3.99	0.894299
3.98	0.895669
3.97	0.896798
3.96	0.895067
3.95	0.894062
3.94	0.895521
3.93	0.898763
3.92	0.901329
3.91	0.901216
3.9	0.899516
3.89	0.898689
3.88	0.895469
3.87	0.894255
3.86	0.891369
3.85	0.887451
3.84	0.885087
3.83	0.88355
3.82	0.884655
3.81	0.89076
3.8	0.89163
3.79	0.890482
3.78	0.891847
3.77	0.893306
3.76	0.893061
3.75	0.89335
3.74	0.892356
3.73	0.892618
3.72	0.894262
3.71	0.890483
3.7	0.893488
3.69	0.894095
3.68	0.893216
3.67	0.894964
3.66	0.898437
3.65	0.898155
3.64	0.901584
3.63	0.900294
3.62	0.903979
3.61	0.904983
3.6	0.905923
3.59	0.907238
3.58	0.901517
3.57	0.900383
3.56	0.900862
3.55	0.902359
3.54	0.898652
3.53	0.894849
3.52	0.899818
3.51	0.906312
3.5	0.907646
3.49	0.910267
3.48	0.913471
3.47	0.911884
3.46	0.912744
3.45	0.909326
3.44	0.908189
3.43	0.907521
3.42	0.904769
3.41	0.904657
3.4	0.905938
3.39	0.900915
3.38	0.897723
3.37	0.900446
3.36	0.899963
3.35	0.901559
3.34	0.902699
3.33	0.902397
3.32	0.903619
3.31	0.904238
3.3	0.902521
3.29	0.904676
3.28	0.903012
3.27	0.908403
3.26	0.911049
3.25	0.914523
3.24	0.918449
3.23	0.916472
3.22	0.916091
3.21	0.914997
3.2	0.913756
3.19	0.912652
3.18	0.910253
3.17	0.906936
3.16	0.909173
3.15	0.912807
3.14	0.914299
3.13	0.914372
3.12	0.918643
3.11	0.918916
3.1	0.917917
3.09	0.92165
3.08	0.916362
3.07	0.918619
3.06	0.919894
3.05	0.918067
3.04	0.915138
3.03	0.914974
3.02	0.911502
3.01	0.917828
3	0.917486
2.99	0.922216
2.98	0.926483
2.97	0.927196
2.96	0.926197
2.95	0.925384
2.94	0.924161
2.93	0.927899
2.92	0.926861
2.91	0.920745
2.9	0.921858
2.89	0.921078
2.88	0.927285
2.87	0.9276
2.86	0.928643
2.85	0.934402
2.84	0.931636
2.83	0.932707
2.82	0.931896
2.81	0.936946
2.8	0.934856
2.79	0.934247
2.78	0.93604
2.77	0.936532
2.76	0.935939
2.75	0.937263
2.74	0.940401
2.73	0.946081
2.72	0.948676
2.71	0.946536
2.7	0.946226
2.69	0.949919
2.68	0.954373
2.67	0.953687
2.66	0.952795
2.65	0.946194
2.64	0.940728
2.63	0.94034
2.62	0.941569
2.61	0.941387
2.6	0.942896
2.59	0.943008
2.58	0.943964
2.57	0.94586
2.56	0.947737
2.55	0.947393
2.54	0.947248
2.53	0.944427
2.52	0.954209
2.51	0.95368
2.5	0.953413
2.49	0.952733
2.48	0.953014
2.47	0.951573
2.46	0.957224
2.45	0.951144
2.44	0.956038
2.43	0.956994
2.42	0.954365
2.41	0.952647
2.4	0.954558
2.39	0.954171
2.38	0.953153
2.37	0.955401
2.36	0.949068
2.35	0.956197
2.34	0.964897
2.33	0.960111
2.32	0.960543
2.31	0.969169
2.3	0.965098
2.29	0.958536
2.28	0.958778
2.27	0.957284
2.26	0.964257
2.25	0.960426
2.24	0.963241
2.23	0.958318
2.22	0.947953
2.21	0.955433
2.2	0.955998
2.19	0.959758
2.18	0.966536
2.17	0.963536
2.16	0.972203
2.15	0.967003
2.14	0.969731
2.13	0.972709
2.12	0.970424
2.11	0.970821
2.1	0.96652
2.09	0.967435
2.08	0.965558
2.07	0.959578
2.06	0.966489
2.05	0.97521
2.04	0.977169
2.03	0.974802
2.02	0.973789
2.01	0.972365
2	0.973981
1.99	0.970461
1.98	0.969174
1.97	0.968082
1.96	0.972859
1.95	0.974057
1.94	0.973738
1.93	0.970175
1.92	0.972869
1.91	0.97348
1.9	0.968026
1.89	0.970821
1.88	0.971793
1.87	0.97702
1.86	0.976665
1.85	0.980722
1.84	0.977543
1.83	0.974773
1.82	0.976714
1.81	0.976042
1.8	0.971337
1.79	0.968112
1.78	0.968969
1.77	0.967311
1.76	0.970202
1.75	0.969757
1.74	0.970634
1.73	0.971175
1.72	0.970622
1.71	0.974437
1.7	0.973616
1.69	0.970515
1.68	0.980375
1.67	0.983286
1.66	0.979477
1.65	0.972794
1.64	0.978425
1.63	0.973764
1.62	0.973971
1.61	0.978403
1.6	0.977644
1.59	0.975098
1.58	0.981779
1.57	0.982583
1.56	0.981659
1.55	0.979028
1.54	0.983312
1.53	0.985307
1.52	0.984261
1.51	0.982243
1.5	0.988871
1.49	0.984877
1.48	0.98132
1.47	0.979842
1.46	0.979698
1.45	0.981585
1.44	0.976781
1.43	0.978638
1.42	0.98013
1.41	0.985505
1.4	0.983909
1.39	0.981004
1.38	0.981528
1.37	0.983967
1.36	0.986129
1.35	0.987663
1.34	0.988776
1.33	0.986318
1.32	0.986299
1.31	0.986572
1.3	0.984114
1.29	0.98222
1.28	0.984551
1.27	0.985271
1.26	0.982632
1.25	0.986005
1.24	0.984405
1.23	0.991442
1.22	0.983815
1.21	0.98016
1.2	0.982453
1.19	0.982808
1.18	0.988668
1.17	0.988681
1.16	0.988925
1.15	0.984361
1.14	0.987016
1.13	0.990367
1.12	0.988127
1.11	0.991906
1.1	0.986951
1.09	0.983845
1.08	0.982769
1.07	0.98075
1.06	0.985629
1.05	0.982772
1.04	0.98257
1.03	0.98172
1.02	0.984888
1.01	0.989612
1	0.989763
0.99	0.989797
0.98	0.991099
0.97	0.990604
0.96	0.991765
0.95	0.988516
0.94	0.990214
0.93	0.991024
0.92	0.989904
0.91	0.991388
0.9	0.98649
0.89	0.987636
0.88	0.993287
0.87	0.986684
0.86	0.988401
0.85	0.987069
0.84	0.987131
0.83	0.983543
0.82	0.987672
0.81	0.990205
0.8	0.99161
0.79	0.989654
0.78	0.991023
0.77	0.9895
0.76	0.991629
0.75	0.989394
0.74	0.991646
0.73	0.991047
0.72	0.993711
0.71	0.995176
0.7	0.997899
0.69	0.994238
0.68	0.990376
0.67	0.990248
0.66	0.997792
0.65	0.99666
0.64	0.992954
0.63	0.98779
0.62	0.990656
0.61	0.992161
0.6	0.995477
0.59	0.99662
0.58	0.992984
0.57	0.996339
0.56	0.99527
0.55	0.995866
0.54	0.995449
0.53	0.997133
0.52	0.99161
0.51	0.992717
0.5	0.994732
0.49	0.991398
0.48	0.998492
0.47	0.995949
0.46	0.992459
0.45	0.994144
0.44	0.99809
0.43	0.99412
0.42	0.995385
0.41	0.994884
0.4	0.99822
0.39	0.998966
0.38	0.998035
0.37	0.99468
0.36	0.998134
0.35	0.994336
0.34	0.994854
0.33	0.99624
0.32	0.997357
0.31	0.993309
0.3	0.994434
0.29	0.996617
0.28	0.993127
0.27	0.997353
0.26	0.995969
0.25	0.999145
0.24	0.996119
0.23	0.995297
0.22	0.997468
0.21	0.994662
0.2	0.996696
0.19	0.998028
0.18	0.998706
0.17	0.998911
0.16	0.99727
0.15	0.997705
0.14	0.999276
0.13	0.997775
0.12	0.998441
0.11	0.999679
0.1	0.998446
0.09	0.995703
0.08	0.998294
0.07	1.00167
0.06	0.998288
0.05	1.0016
0.04	0.999057
0.03	0.998373
0.02	1.00164
0.01	0.998472




