0	1.00041
0.01	0.999637
0.02	1.00142
0.03	0.998221
0.04	0.997992
0.05	0.998915
0.06	1.00033
0.07	1.00058
0.08	1.00001
0.09	1.00034
0.1	0.996321
0.11	0.998847
0.12	0.99822
0.13	0.997848
0.14	0.999578
0.15	0.998855
0.16	0.997581
0.17	0.999085
0.18	0.998037
0.19	0.997194
0.2	0.996333
0.21	0.997745
0.22	0.99643
0.23	0.996145
0.24	0.997025
0.25	0.996213
0.26	0.996739
0.27	0.997171
0.28	0.998406
0.29	0.996262
0.3	0.996089
0.31	0.99696
0.32	0.995204
0.33	0.996506
0.34	0.997342
0.35	0.996241
0.36	0.995354
0.37	0.993013
0.38	0.998
0.39	0.997459
0.4	0.995255
0.41	0.996066
0.42	0.994753
0.43	0.99342
0.44	0.995933
0.45	0.995697
0.46	0.995671
0.47	0.995158
0.48	0.994947
0.49	0.994154
0.5	0.994011
0.51	0.993759
0.52	0.994832
0.53	0.996547
0.54	0.995209
0.55	0.992641
0.56	0.995586
0.57	0.993471
0.58	0.990709
0.59	0.992116
0.6	0.991833
0.61	0.991505
0.62	0.992959
0.63	0.994324
0.64	0.992828
0.65	0.990025
0.66	0.992012
0.67	0.991456
0.68	0.994425
0.69	0.994056
0.7	0.993428
0.71	0.9935
0.72	0.990457
0.73	0.990045
0.74	0.990782
0.75	0.993343
0.76	0.992072
0.77	0.990929
0.78	0.992806
0.79	0.992088
0.8	0.993358
0.81	0.993915
0.82	0.993231
0.83	0.989933
0.84	0.991093
0.85	0.990181
0.86	0.990656
0.87	0.99046
0.88	0.989576
0.89	0.987409
0.9	0.988704
0.91	0.989935
0.92	0.990983
0.93	0.990189
0.94	0.990318
0.95	0.987517
0.96	0.988241
0.97	0.989002
0.98	0.985972
0.99	0.992344
1	0.99013
1.01	0.988623
1.02	0.989965
1.03	0.987085
1.04	0.985844
1.05	0.986768
1.06	0.987677
1.07	0.984677
1.08	0.987929
1.09	0.989764
1.1	0.989206
1.11	0.987455
1.12	0.982677
1.13	0.988111
1.14	0.984287
1.15	0.984434
1.16	0.983734
1.17	0.982284
1.18	0.985923
1.19	0.983085
1.2	0.982921
1.21	0.983492
1.22	0.983582
1.23	0.985633
1.24	0.98596
1.25	0.987447
1.26	0.985072
1.27	0.985573
1.28	0.981293
1.29	0.981501
1.3	0.985035
1.31	0.986054
1.32	0.983172
1.33	0.981408
1.34	0.983468
1.35	0.980651
1.36	0.98221
1.37	0.982694
1.38	0.98293
1.39	0.982551
1.4	0.981165
1.41	0.980704
1.42	0.980103
1.43	0.983997
1.44	0.981031
1.45	0.980618
1.46	0.981997
1.47	0.981246
1.48	0.982575
1.49	0.981993
1.5	0.980161
1.51	0.979307
1.52	0.978969
1.53	0.979314
1.54	0.979231
1.55	0.981411
1.56	0.979736
1.57	0.983276
1.58	0.982493
1.59	0.981591
1.6	0.977424
1.61	0.976548
1.62	0.976268
1.63	0.979796
1.64	0.978798
1.65	0.98049
1.66	0.97752
1.67	0.977165
1.68	0.976373
1.69	0.976464
1.7	0.978506
1.71	0.974515
1.72	0.97609
1.73	0.978505
1.74	0.980503
1.75	0.980451
1.76	0.977667
1.77	0.976691
1.78	0.97882
1.79	0.975512
1.8	0.976492
1.81	0.977446
1.82	0.980275
1.83	0.976632
1.84	0.974343
1.85	0.970209
1.86	0.967827
1.87	0.969608
1.88	0.974917
1.89	0.974933
1.9	0.973642
1.91	0.972327
1.92	0.973602
1.93	0.975619
1.94	0.973559
1.95	0.974531
1.96	0.976066
1.97	0.977988
1.98	0.977086
1.99	0.976357
2	0.975149
2.01	0.973641
2.02	0.973788
2.03	0.972116
2.04	0.97129
2.05	0.969478
2.06	0.972076
2.07	0.973401
2.08	0.972539
2.09	0.970672
2.1	0.970933
2.11	0.973186
2.12	0.972629
2.13	0.969824
2.14	0.968634
2.15	0.966875
2.16	0.967316
2.17	0.966694
2.18	0.967207
2.19	0.965309
2.2	0.96579
2.21	0.963374
2.22	0.965845
2.23	0.964246
2.24	0.96431
2.25	0.962791
2.26	0.960537
2.27	0.957615
2.28	0.958951
2.29	0.963026
2.3	0.963462
2.31	0.962191
2.32	0.964804
2.33	0.96611
2.34	0.965019
2.35	0.963304
2.36	0.959794
2.37	0.958132
2.38	0.957094
2.39	0.958521
2.4	0.955806
2.41	0.954789
2.42	0.954901
2.43	0.952153
2.44	0.95392
2.45	0.954775
2.46	0.952044
2.47	0.951728
2.48	0.953074
2.49	0.95398
2.5	0.951698
2.51	0.952991
2.52	0.9529
2.53	0.953596
2.54	0.951615
2.55	0.951629
2.56	0.953636
2.57	0.951466
2.58	0.95178
2.59	0.954574
2.6	0.956336
2.61	0.952115
2.62	0.956637
2.63	0.956788
2.64	0.951769
2.65	0.947463
2.66	0.949579
2.67	0.948748
2.68	0.944029
2.69	0.942239
2.7	0.944164
2.71	0.942628
2.72	0.942311
2.73	0.94288
2.74	0.942306
2.75	0.944171
2.76	0.94451
2.77	0.943311
2.78	0.944201
2.79	0.947426
2.8	0.94629
2.81	0.942849
2.82	0.939593
2.83	0.936281
2.84	0.937458
2.85	0.938031
2.86	0.937649
2.87	0.938522
2.88	0.940506
2.89	0.943865
2.9	0.942721
2.91	0.941498
2.92	0.939816
2.93	0.940583
2.94	0.94134
2.95	0.939432
2.96	0.936745
2.97	0.933487
2.98	0.928719
2.99	0.931294
3	0.931708
3.01	0.93386
3.02	0.932781
3.03	0.928156
3.04	0.928089
3.05	0.928965
3.06	0.92899
3.07	0.93017
3.08	0.928629
3.09	0.927985
3.1	0.926739
3.11	0.927312
3.12	0.926986
3.13	0.927362
3.14	0.927932
3.15	0.926844
3.16	0.926837
3.17	0.928931
3.18	0.926182
3.19	0.92559
3.2	0.92695
3.21	0.922515
3.22	0.922865
3.23	0.922492
3.24	0.927449
3.25	0.922737
3.26	0.92542
3.27	0.922526
3.28	0.923322
3.29	0.923234
3.3	0.923092
3.31	0.923334
3.32	0.924482
3.33	0.924728
3.34	0.923706
3.35	0.921587
3.36	0.921676
3.37	0.922263
3.38	0.919718
3.39	0.916804
3.4	0.917303
3.41	0.913914
3.42	0.912567
3.43	0.911711
3.44	0.908985
3.45	0.905578
3.46	0.902494
3.47	0.904477
3.48	0.905951
3.49	0.90877
3.5	0.91026
3.51	0.909689
3.52	0.909224
3.53	0.908867
3.54	0.909562
3.55	0.909947
3.56	0.91065
3.57	0.910312
3.58	0.910481
3.59	0.908035
3.6	0.906463
3.61	0.904154
3.62	0.903514
3.63	0.903099
3.64	0.90311
3.65	0.902889
3.66	0.902225
3.67	0.901576
3.68	0.899625
3.69	0.900198
3.7	0.898496
3.71	0.899799
3.72	0.900321
3.73	0.900226
3.74	0.900434
3.75	0.901159
3.76	0.899189
3.77	0.901007
3.78	0.896889
3.79	0.897852
3.8	0.897801
3.81	0.89651
3.82	0.897362
3.83	0.894735
3.84	0.894753
3.85	0.897127
3.86	0.897613
3.87	0.898838
3.88	0.898463
3.89	0.899732
3.9	0.901759
3.91	0.900722
3.92	0.899819
3.93	0.896557
3.94	0.895231
3.95	0.894195
3.96	0.895022
3.97	0.895347
3.98	0.894185
3.99	0.893827
4	0.890959
4.01	0.890123
4.02	0.890534
4.03	0.891138
4.04	0.889532
4.05	0.889128
4.06	0.88996
4.07	0.88993
4.08	0.891592
4.09	0.891811
4.1	0.893592
4.11	0.89294
4.12	0.892269
4.13	0.891617
4.14	0.892712
4.15	0.892623
4.16	0.889902
4.17	0.888823
4.18	0.888954
4.19	0.888383
4.2	0.88824
4.21	0.887694
4.22	0.888403
4.23	0.888022
4.24	0.884926
4.25	0.882599
4.26	0.881193
4.27	0.879023
4.28	0.877929
4.29	0.878519
4.3	0.882167
4.31	0.883526
4.32	0.883727
4.33	0.883237
4.34	0.883334
4.35	0.882253
4.36	0.881656
4.37	0.881628
4.38	0.88044
4.39	0.879229
4.4	0.881366
4.41	0.881525
4.42	0.880519
4.43	0.880687
4.44	0.88152
4.45	0.880653
4.46	0.881249
4.47	0.88205
4.48	0.88234
4.49	0.879991
4.5	0.880736
4.51	0.880353
4.52	0.880154
4.53	0.879819
4.54	0.879442
4.55	0.878849
4.56	0.878454
4.57	0.879498
4.58	0.879578
4.59	0.879187
4.6	0.878821
4.61	0.879427
4.62	0.880013
4.63	0.879361
4.64	0.877775
4.65	0.877661
4.66	0.87696
4.67	0.87728
4.68	0.877222
4.69	0.877269
4.7	0.877918
4.71	0.878759
4.72	0.877592
4.73	0.878629
4.74	0.879041
4.75	0.877692
4.76	0.877234
4.77	0.875513
4.78	0.874802
4.79	0.874328
4.8	0.873672
4.81	0.874008
4.82	0.875223
4.83	0.874828
4.84	0.875709
4.85	0.875145
4.86	0.874305
4.87	0.873582
4.88	0.872956
4.89	0.873295
4.9	0.874753
4.91	0.873713
4.92	0.873983
4.93	0.87338
4.94	0.87286
4.95	0.872587
4.96	0.872134
4.97	0.871992
4.98	0.872675
4.99	0.872061
5	0.872699
5.01	0.871893
5.02	0.871534
5.03	0.871431
5.04	0.872975
5.05	0.873584
5.06	0.872881
5.07	0.873426
5.08	0.873696
5.09	0.872567
5.1	0.873081
5.11	0.873802
5.12	0.873604
5.13	0.873502
5.14	0.873342
5.15	0.873345
5.16	0.874042
5.17	0.873936
5.18	0.87244
5.19	0.87173
5.2	0.871001
5.21	0.872326
5.22	0.873887
5.23	0.873665
5.24	0.873607
5.25	0.874168
5.26	0.873065
5.27	0.874005
5.28	0.872705
5.29	0.872488
5.3	0.872101
5.31	0.871567
5.32	0.870465
5.33	0.871317
5.34	0.871953
5.35	0.872808
5.36	0.872885
5.37	0.873149
5.38	0.873631
5.39	0.872974
5.4	0.87293
5.41	0.871256
5.42	0.871644
5.43	0.870373
5.44	0.869937
5.45	0.869655
5.46	0.869307
5.47	0.869116
5.48	0.868748
5.49	0.868492
5.5	0.868087
5.51	0.867687
5.52	0.866956
5.53	0.867049
5.54	0.867125
5.55	0.867871
5.56	0.869057
5.57	0.86919
5.58	0.868232
5.59	0.867063
5.6	0.866545
5.61	0.867346
5.62	0.868058
5.63	0.866582
5.64	0.86721
5.65	0.867796
5.66	0.868287
5.67	0.868065
5.68	0.86858
5.69	0.869551
5.7	0.869988
5.71	0.870258
5.72	0.869875
5.73	0.870897
5.74	0.870695
5.75	0.870868
5.76	0.870437
5.77	0.869539
5.78	0.868288
5.79	0.868364
5.8	0.86802
5.81	0.868549
5.82	0.868239
5.83	0.867852
5.84	0.867398
5.85	0.867818
5.86	0.867212
5.87	0.86667
5.88	0.865595
5.89	0.864548
5.9	0.865326
5.91	0.865379
5.92	0.865108
5.93	0.865035
5.94	0.865135
5.95	0.865091
5.96	0.865782
5.97	0.866237
5.98	0.867186
5.99	0.86756
6	0.867908
6.01	0.868465
6.02	0.868942
6.03	0.869048
6.04	0.868394
6.05	0.867655
6.06	0.867312
6.07	0.86715
6.08	0.867629
6.09	0.866808
6.1	0.866659
6.11	0.866291
6.12	0.865653
6.13	0.864268
6.14	0.864059
6.15	0.863781
6.16	0.864287
6.17	0.863943
6.18	0.86499
6.19	0.864555
6.2	0.86453
6.21	0.864653
6.22	0.864891
6.23	0.865163
6.24	0.86489
6.25	0.864594
6.26	0.865058
6.27	0.864658
6.28	0.864288
6.29	0.864891
6.3	0.865023
6.31	0.864668
6.32	0.864072
6.33	0.864285
6.34	0.864182
6.35	0.863928
6.36	0.864726
6.37	0.864889
6.38	0.865328
6.39	0.865603
6.4	0.864758
6.41	0.86478
6.42	0.864077
6.43	0.862546
6.44	0.861925
6.45	0.862599
6.46	0.863339
6.47	0.864033
6.48	0.86316
6.49	0.862788
6.5	0.861848
6.51	0.861936
6.52	0.862329
6.53	0.862325
6.54	0.861949
6.55	0.862275
6.56	0.862228
6.57	0.862728
6.58	0.863461
6.59	0.863783
6.6	0.864021
6.61	0.86383
6.62	0.864108
6.63	0.864243
6.64	0.863889
6.65	0.862534
6.66	0.863236
6.67	0.863748
6.68	0.86297
6.69	0.862776
6.7	0.863564
6.71	0.862548
6.72	0.862363
6.73	0.86284
6.74	0.862256
6.75	0.861422
6.76	0.862104
6.77	0.861806
6.78	0.861645
6.79	0.86158
6.8	0.86133
6.81	0.861661
6.82	0.861557
6.83	0.860906
6.84	0.860932
6.85	0.860741
6.86	0.861162
6.87	0.861561
6.88	0.861941
6.89	0.861817
6.9	0.862298
6.91	0.8622
6.92	0.862645
6.93	0.862486
6.94	0.862811
6.95	0.86257
6.96	0.862336
6.97	0.861736
6.98	0.862538
6.99	0.862003
7	0.861438
7.01	0.862257
7.02	0.861155
7.03	0.860438
7.04	0.861515
7.05	0.861311
7.06	0.861485
7.07	0.861325
7.08	0.861065
7.09	0.860846
7.1	0.861295
7.11	0.86121
7.12	0.861061
7.13	0.860884
7.14	0.861044
7.15	0.860865
7.16	0.861688
7.17	0.861213
7.18	0.861308
7.19	0.861188
7.2	0.861023
7.21	0.860433
7.22	0.860718
7.23	0.860703
7.24	0.860762
7.25	0.860688
7.26	0.860502
7.27	0.860369
7.28	0.859845
7.29	0.860148
7.3	0.860325
7.31	0.860342
7.32	0.860651
7.33	0.860871
7.34	0.861118
7.35	0.860857
7.36	0.861307
7.37	0.861458
7.38	0.860691
7.39	0.860497
7.4	0.860021
7.41	0.859492
7.42	0.860915
7.43	0.860607
7.44	0.859353
7.45	0.858989
7.46	0.859342
7.47	0.858374
7.48	0.85908
7.49	0.858132
7.5	0.857781
7.51	0.85811
7.52	0.858654
7.53	0.859461
7.54	0.859422
7.55	0.858745
7.56	0.859084
7.57	0.858992
7.58	0.859218
7.59	0.858777
7.6	0.858084
7.61	0.858543
7.62	0.858122
7.63	0.858168
7.64	0.857426
7.65	0.85762
7.66	0.857234
7.67	0.85629
7.68	0.856012
7.69	0.855567
7.7	0.855493
7.71	0.855189
7.72	0.854905
7.73	0.854858
7.74	0.855426
7.75	0.85568
7.76	0.856255
7.77	0.856527
7.78	0.857937
7.79	0.857654
7.8	0.85673
7.81	0.857175
7.82	0.857263
7.83	0.857293
7.84	0.857709
7.85	0.858234
7.86	0.857834
7.87	0.856946
7.88	0.857128
7.89	0.857256
7.9	0.857338
7.91	0.856846
7.92	0.857578
7.93	0.857775
7.94	0.858138
7.95	0.859723
7.96	0.860522
7.97	0.859891
7.98	0.860045
7.99	0.859109
8	0.858383
8.01	0.857763
8.02	0.85789
8.03	0.857478
8.04	0.857023
8.05	0.857794
8.06	0.857423
8.07	0.857495
8.08	0.857738
8.09	0.857978
8.1	0.858222
8.11	0.85819
8.12	0.858105
8.13	0.85794
8.14	0.856964
8.15	0.857083
8.16	0.856869
8.17	0.856621
8.18	0.857001
8.19	0.85671
8.2	0.856925
8.21	0.856193
8.22	0.856516
8.23	0.856664
8.24	0.85735
8.25	0.858284
8.26	0.857694
8.27	0.857342
8.28	0.857247
8.29	0.857829
8.3	0.858588
8.31	0.859293
8.32	0.859692
8.33	0.858988
8.34	0.858238
8.35	0.858288
8.36	0.857938
8.37	0.857884
8.38	0.858191
8.39	0.857072
8.4	0.856139
8.41	0.855726
8.42	0.855634
8.43	0.855543
8.44	0.854698
8.45	0.854876
8.46	0.855492
8.47	0.854903
8.48	0.854337
8.49	0.855467
8.5	0.85622
8.51	0.855611
8.52	0.855383
8.53	0.855263
8.54	0.854786
8.55	0.854987
8.56	0.855534
8.57	0.855261
8.58	0.854487
8.59	0.855091
8.6	0.855293
8.61	0.855664
8.62	0.856417
8.63	0.856407
8.64	0.855704
8.65	0.85523
8.66	0.855566
8.67	0.856163
8.68	0.855293
8.69	0.855708
8.7	0.855865
8.71	0.855992
8.72	0.855939
8.73	0.855704
8.74	0.855643
8.75	0.855731
8.76	0.85557
8.77	0.855554
8.78	0.855166
8.79	0.854864
8.8	0.854306
8.81	0.855081
8.82	0.855573
8.83	0.85575
8.84	0.855654
8.85	0.855342
8.86	0.855529
8.87	0.85529
8.88	0.855535
8.89	0.855314
8.9	0.856155
8.91	0.856558
8.92	0.856143
8.93	0.855956
8.94	0.855265
8.95	0.855228
8.96	0.855777
8.97	0.856177
8.98	0.856458
8.99	0.856808
9	0.856657
9.01	0.856731
9.02	0.855983
9.03	0.855013
9.04	0.855459
9.05	0.854914
9.06	0.854939
9.07	0.854893
9.08	0.854562
9.09	0.854371
9.1	0.854072
9.11	0.854321
9.12	0.854938
9.13	0.85458
9.14	0.853874
9.15	0.854669
9.16	0.853337
9.17	0.853675
9.18	0.853388
9.19	0.853412
9.2	0.853799
9.21	0.853744
9.22	0.853228
9.23	0.853495
9.24	0.853362
9.25	0.853817
9.26	0.853223
9.27	0.853752
9.28	0.853281
9.29	0.853259
9.3	0.853618
9.31	0.853861
9.32	0.854831
9.33	0.855178
9.34	0.854923
9.35	0.85526
9.36	0.854586
9.37	0.854365
9.38	0.85477
9.39	0.854438
9.4	0.854536
9.41	0.854758
9.42	0.854663
9.43	0.855555
9.44	0.857004
9.45	0.857158
9.46	0.857388
9.47	0.857016
9.48	0.856896
9.49	0.856015
9.5	0.85548
9.51	0.854898
9.52	0.854573
9.53	0.85451
9.54	0.85374
9.55	0.853893
9.56	0.85386
9.57	0.853799
9.58	0.854346
9.59	0.854875
9.6	0.854305
9.61	0.853789
9.62	0.853745
9.63	0.854626
9.64	0.854425
9.65	0.854454
9.66	0.853938
9.67	0.853902
9.68	0.853111
9.69	0.852948
9.7	0.852553
9.71	0.852425
9.72	0.854051
9.73	0.853148
9.74	0.853777
9.75	0.853974
9.76	0.854364
9.77	0.854539
9.78	0.854309
9.79	0.854091
9.8	0.854522
9.81	0.854358
9.82	0.854393
9.83	0.854817
9.84	0.854351
9.85	0.853996
9.86	0.853602
9.87	0.852431
9.88	0.852274
9.89	0.852234
9.9	0.85238
9.91	0.851891
9.92	0.851839
9.93	0.851419
9.94	0.851793
9.95	0.852005
9.96	0.852879
9.97	0.85314
9.98	0.852618
9.99	0.853345
10	0.852523
10.01	0.853325
10.02	0.852767
10.03	0.85317
10.04	0.852727
10.05	0.852712
10.06	0.852475
10.07	0.852712
10.08	0.853296
10.09	0.853354
10.1	0.852961
10.11	0.852318
10.12	0.852279
10.13	0.852326
10.14	0.852193
10.15	0.852119
10.16	0.852182
10.17	0.852486
10.18	0.852026
10.19	0.851735
10.2	0.851559
10.21	0.851591
10.22	0.851617
10.23	0.851337
10.24	0.851234
10.25	0.850862
10.26	0.850449
10.27	0.850382
10.28	0.850365
10.29	0.851106
10.3	0.85223
10.31	0.852152
10.32	0.852282
10.33	0.852418
10.34	0.853004
10.35	0.853495
10.36	0.852789
10.37	0.852375
10.38	0.852566
10.39	0.851984
10.4	0.852077
10.41	0.852171
10.42	0.852023
10.43	0.852005
10.44	0.851589
10.45	0.8517
10.46	0.851732
10.47	0.852013
10.48	0.8521
10.49	0.851048
10.5	0.85114
10.51	0.851219
10.52	0.85147
10.53	0.851441
10.54	0.852056
10.55	0.852604
10.56	0.852094
10.57	0.851694
10.58	0.851278
10.59	0.851122
10.6	0.851189
10.61	0.851392
10.62	0.85166
10.63	0.852281
10.64	0.852744
10.65	0.853101
10.66	0.853002
10.67	0.852729
10.68	0.853075
10.69	0.853333
10.7	0.853231
10.71	0.853393
10.72	0.853533
10.73	0.852737
10.74	0.85262
10.75	0.852284
10.76	0.852064
10.77	0.852004
10.78	0.852005
10.79	0.851681
10.8	0.851214
10.81	0.851095
10.82	0.850981
10.83	0.850759
10.84	0.850549
10.85	0.850346
10.86	0.850661
10.87	0.850875
10.88	0.850618
10.89	0.850608
10.9	0.850249
10.91	0.849908
10.92	0.85025
10.93	0.851051
10.94	0.851301
10.95	0.851451
10.96	0.851282
10.97	0.85085
10.98	0.850771
10.99	0.850503
11	0.850349
11.01	0.85031
11.02	0.850533
11.03	0.850597
11.04	0.850527
11.05	0.850206
11.06	0.84974
11.07	0.84968
11.08	0.849913
11.09	0.849667
11.1	0.849432
11.11	0.849374
11.12	0.849964
11.13	0.850125
11.14	0.850327
11.15	0.850161
11.16	0.850516
11.17	0.850571
11.18	0.850034
11.19	0.850041
11.2	0.850138
11.21	0.849953
11.22	0.850065
11.23	0.84991
11.24	0.849749
11.25	0.849867
11.26	0.849922
11.27	0.849381
11.28	0.849404
11.29	0.849467
11.3	0.848608
11.31	0.848753
11.32	0.84894
11.33	0.848937
11.34	0.849225
11.35	0.849235
11.36	0.849778
11.37	0.849583
11.38	0.849545
11.39	0.849787
11.4	0.850074
11.41	0.850488
11.42	0.850525
11.43	0.849592
11.44	0.849453
11.45	0.849587
11.46	0.849738
11.47	0.849833
11.48	0.849622
11.49	0.849743
11.5	0.849232
11.51	0.848883
11.52	0.848993
11.53	0.849066
11.54	0.849138
11.55	0.848537
11.56	0.848696
11.57	0.848851
11.58	0.849015
11.59	0.848918
11.6	0.848796
11.61	0.849209
11.62	0.849414
11.63	0.849898
11.64	0.850209
11.65	0.850098
11.66	0.849442
11.67	0.85005
11.68	0.849305
11.69	0.849179
11.7	0.848571
11.71	0.849089
11.72	0.849268
11.73	0.84845
11.74	0.848508
11.75	0.848735
11.76	0.848475
11.77	0.848823
11.78	0.849328
11.79	0.849117
11.8	0.849295
11.81	0.84919
11.82	0.849344
11.83	0.849043
11.84	0.848548
11.85	0.848272
11.86	0.848029
11.87	0.848213
11.88	0.848508
11.89	0.848575
11.9	0.848295
11.91	0.848387
11.92	0.848578
11.93	0.848903
11.94	0.848572
11.95	0.848478
11.96	0.848612
11.97	0.849285
11.98	0.848961
11.99	0.849133
12	0.849387
12.01	0.849198
12.02	0.849302
12.03	0.849725
12.04	0.849777
12.05	0.851009
12.06	0.850779
12.07	0.850256
12.08	0.850697
12.09	0.850588
12.1	0.850823
12.11	0.850576
12.12	0.850379
12.13	0.850263
12.14	0.850087
12.15	0.849975
12.16	0.849962
12.17	0.849871
12.18	0.849691
12.19	0.849843
12.2	0.849021
12.21	0.848977
12.22	0.848997
12.23	0.84909
12.24	0.84878
12.25	0.848964
12.26	0.848871
12.27	0.84922
12.28	0.849399
12.29	0.849167
12.3	0.848772
12.31	0.848698
12.32	0.848659
12.33	0.848771
12.34	0.848707
12.35	0.849031
12.36	0.849135
12.37	0.848526
12.38	0.848764
12.39	0.848782
12.4	0.848947
12.41	0.849223
12.42	0.849118
12.43	0.849389
12.44	0.849746
12.45	0.849641
12.46	0.849868
12.47	0.850091
12.48	0.849696
12.49	0.849709
12.5	0.849761
12.51	0.849344
12.52	0.848923
12.53	0.848765
12.54	0.84864
12.55	0.84942
12.56	0.849227
12.57	0.849648
12.58	0.850306
12.59	0.849629
12.6	0.85002
12.61	0.850124
12.62	0.850213
12.63	0.849991
12.64	0.849745
12.65	0.849713
12.66	0.849615
12.67	0.849619
12.68	0.849926
12.69	0.850031
12.7	0.849916
12.71	0.85
12.72	0.850043
12.73	0.849754
12.74	0.84959
12.75	0.849235
12.76	0.849534
12.77	0.849356
12.78	0.849508
12.79	0.849495
12.8	0.849739
12.81	0.849749
12.82	0.849878
12.83	0.849946
12.84	0.849362
12.85	0.849168
12.86	0.848839
12.87	0.849008
12.88	0.848832
12.89	0.848757
12.9	0.848744
12.91	0.848345
12.92	0.848245
12.93	0.848523
12.94	0.848408
12.95	0.848404
12.96	0.848068
12.97	0.847669
12.98	0.847969
12.99	0.847667
13	0.848119
13.01	0.847586
13.02	0.847374
13.03	0.847464
13.04	0.847425
13.05	0.847619
13.06	0.847421
13.07	0.847303
13.08	0.847202
13.09	0.847244
13.1	0.846872
13.11	0.846849
13.12	0.847069
13.13	0.847188
13.14	0.847185
13.15	0.847049
13.16	0.847388
13.17	0.848045
13.18	0.848489
13.19	0.848399
13.2	0.848135
13.21	0.847805
13.22	0.84796
13.23	0.84782
13.24	0.847687
13.25	0.847477
13.26	0.848318
13.27	0.848583
13.28	0.848846
13.29	0.84941
13.3	0.849064
13.31	0.849049
13.32	0.849454
13.33	0.8496
13.34	0.849434
13.35	0.849522
13.36	0.849197
13.37	0.849141
13.38	0.848688
13.39	0.848674
13.4	0.84876
13.41	0.84852
13.42	0.847999
13.43	0.847829
13.44	0.84766
13.45	0.847359
13.46	0.84726
13.47	0.847711
13.48	0.847136
13.49	0.847831
13.5	0.848466
13.51	0.848694
13.52	0.84851
13.53	0.848167
13.54	0.848181
13.55	0.847982
13.56	0.847654
13.57	0.847946
13.58	0.847499
13.59	0.847628
13.6	0.84789
13.61	0.847865
13.62	0.84787
13.63	0.847934
13.64	0.847517
13.65	0.847338
13.66	0.847202
13.67	0.847153
13.68	0.84713
13.69	0.846947
13.7	0.846958
13.71	0.8471
13.72	0.847034
13.73	0.846797
13.74	0.846687
13.75	0.845739
13.76	0.846096
13.77	0.84585
13.78	0.845761
13.79	0.845821
13.8	0.846194
13.81	0.846582
13.82	0.846379
13.83	0.846813
13.84	0.84656
13.85	0.846379
13.86	0.84628
13.87	0.846108
13.88	0.846656
13.89	0.846826
13.9	0.846163
13.91	0.846362
13.92	0.84633
13.93	0.846588
13.94	0.846346
13.95	0.846266
13.96	0.846399
13.97	0.846737
13.98	0.846435
13.99	0.846763
14	0.846408
14.01	0.846661
14.02	0.84648
14.03	0.846748
14.04	0.846945
14.05	0.847351
14.06	0.84701
14.07	0.846987
14.08	0.847567
14.09	0.847132
14.1	0.84748
14.11	0.847854
14.12	0.847215
14.13	0.847125
14.14	0.846882
14.15	0.84653
14.16	0.846363
14.17	0.846473
14.18	0.84681
14.19	0.847781
14.2	0.847142
14.21	0.847157
14.22	0.84732
14.23	0.846882
14.24	0.846712
14.25	0.847092
14.26	0.847534
14.27	0.84757
14.28	0.847764
14.29	0.847454
14.3	0.846863
14.31	0.846606
14.32	0.846349
14.33	0.845995
14.34	0.846429
14.35	0.846843
14.36	0.846895
14.37	0.846354
14.38	0.846299
14.39	0.84662
14.4	0.846535
14.41	0.846407
14.42	0.846414
14.43	0.846545
14.44	0.846715
14.45	0.847204
14.46	0.846821
14.47	0.846544
14.48	0.846932
14.49	0.846418
14.5	0.846849
14.51	0.847246
14.52	0.847109
14.53	0.846973
14.54	0.847105
14.55	0.847328
14.56	0.847171
14.57	0.846902
14.58	0.847114
14.59	0.847049
14.6	0.846753
14.61	0.846825
14.62	0.847112
14.63	0.846849
14.64	0.847161
14.65	0.847463
14.66	0.847856
14.67	0.847475
14.68	0.847287
14.69	0.84758
14.7	0.847018
14.71	0.84742
14.72	0.847171
14.73	0.847074
14.74	0.847399
14.75	0.847322
14.76	0.84746
14.77	0.847243
14.78	0.847685
14.79	0.847385
14.8	0.847539
14.81	0.847596
14.82	0.847068
14.83	0.847501
14.84	0.847135
14.85	0.846773
14.86	0.846613
14.87	0.84676
14.88	0.846318
14.89	0.846236
14.9	0.845774
14.91	0.846091
14.92	0.846045
14.93	0.846026
14.94	0.84576
14.95	0.845656
14.96	0.845798
14.97	0.845635
14.98	0.845469
14.99	0.846411
15	0.84641
15.01	0.846105
15.02	0.846283
15.03	0.84648
15.04	0.846403
15.05	0.846496
15.06	0.846189
15.07	0.84595
15.08	0.845691
15.09	0.84635
15.1	0.846038
15.11	0.846074
15.12	0.845766
15.13	0.846113
15.14	0.846268
15.15	0.84663
15.16	0.846975
15.17	0.847361
15.18	0.847363
15.19	0.847283
15.2	0.847262
15.21	0.846983
15.22	0.846641
15.23	0.84611
15.24	0.846209
15.25	0.846594
15.26	0.845997
15.27	0.846473
15.28	0.84631
15.29	0.846365
15.3	0.846215
15.31	0.845949
15.32	0.845715
15.33	0.846024
15.34	0.846043
15.35	0.845859
15.36	0.84575
15.37	0.845733
15.38	0.846189
15.39	0.845901
15.4	0.845963
15.41	0.845561
15.42	0.845956
15.43	0.845875
15.44	0.845893
15.45	0.846273
15.46	0.846342
15.47	0.846176
15.48	0.845967
15.49	0.846082
15.5	0.845822
15.51	0.845766
15.52	0.846057
15.53	0.846092
15.54	0.846257
15.55	0.846403
15.56	0.846314
15.57	0.846626
15.58	0.84571
15.59	0.846367
15.6	0.845771
15.61	0.846203
15.62	0.846301
15.63	0.846096
15.64	0.845745
15.65	0.845705
15.66	0.845729
15.67	0.845704
15.68	0.845609
15.69	0.846233
15.7	0.84641
15.71	0.846151
15.72	0.845741
15.73	0.846237
15.74	0.846386
15.75	0.846568
15.76	0.846522
15.77	0.846664
15.78	0.84625
15.79	0.845974
15.8	0.846005
15.81	0.84635
15.82	0.846435
15.83	0.846437
15.84	0.84687
15.85	0.846374
15.86	0.846597
15.87	0.84651
15.88	0.846294
15.89	0.846232
15.9	0.846017
15.91	0.845765
15.92	0.845664
15.93	0.845749
15.94	0.846126
15.95	0.846124
15.96	0.845582
15.97	0.845263
15.98	0.845002
15.99	0.845095
16	0.844654
16.01	0.844584
16.02	0.845107
16.03	0.845334
16.04	0.84529
16.05	0.845442
16.06	0.845488
16.07	0.845295
16.08	0.846099
16.09	0.845525
16.1	0.845494
16.11	0.845235
16.12	0.846145
16.13	0.84608
16.14	0.845913
16.15	0.845921
16.16	0.846103
16.17	0.846062
16.18	0.846241
16.19	0.846278
16.2	0.84655
16.21	0.846264
16.22	0.845957
16.23	0.846047
16.24	0.846068
16.25	0.845888
16.26	0.846009
16.27	0.84609
16.28	0.845822
16.29	0.845635
16.3	0.845384
16.31	0.845562
16.32	0.84581
16.33	0.845957
16.34	0.845899
16.35	0.845814
16.36	0.845467
16.37	0.84597
16.38	0.845853
16.39	0.845834
16.4	0.846046
16.41	0.846011
16.42	0.846048
16.43	0.846205
16.44	0.846239
16.45	0.845821
16.46	0.846095
16.47	0.846235
16.48	0.845466
16.49	0.845814
16.5	0.845572
16.51	0.845886
16.52	0.846
16.53	0.84611
16.54	0.84521
16.55	0.845711
16.56	0.845039
16.57	0.844804
16.58	0.844938
16.59	0.845114
16.6	0.845807
16.61	0.845096
16.62	0.845036
16.63	0.845268
16.64	0.845518
16.65	0.845237
16.66	0.845495
16.67	0.845674
16.68	0.845386
16.69	0.845184
16.7	0.845426
16.71	0.844915
16.72	0.844748
16.73	0.844606
16.74	0.84435
16.75	0.844771
16.76	0.844618
16.77	0.844596
16.78	0.84506
16.79	0.845209
16.8	0.845334
16.81	0.845073
16.82	0.845264
16.83	0.845132
16.84	0.844971
16.85	0.844718
16.86	0.845007
16.87	0.844616
16.88	0.844716
16.89	0.845139
16.9	0.844755
16.91	0.844823
16.92	0.845185
16.93	0.844867
16.94	0.844442
16.95	0.844394
16.96	0.844355
16.97	0.844389
16.98	0.843961
16.99	0.844398
17	0.844553
17.01	0.844767
17.02	0.844526
17.03	0.844632
17.04	0.844715
17.05	0.845035
17.06	0.84461
17.07	0.844287
17.08	0.844023
17.09	0.844026
17.1	0.84412
17.11	0.844148
17.12	0.844204
17.13	0.844159
17.14	0.844173
17.15	0.84439
17.16	0.844393
17.17	0.844443
17.18	0.845078
17.19	0.844488
17.2	0.844633
17.21	0.844796
17.22	0.844734
17.23	0.844951
17.24	0.844939
17.25	0.844673
17.26	0.844451
17.27	0.844336
17.28	0.844501
17.29	0.844678
17.3	0.844653
17.31	0.845365
17.32	0.845091
17.33	0.844964
17.34	0.844853
17.35	0.844674
17.36	0.844721
17.37	0.844704
17.38	0.84463
17.39	0.84479
17.4	0.844587
17.41	0.844748
17.42	0.844764
17.43	0.845129
17.44	0.845169
17.45	0.844654
17.46	0.845348
17.47	0.845027
17.48	0.845101
17.49	0.845448
17.5	0.84518
17.51	0.845421
17.52	0.84574
17.53	0.845752
17.54	0.845007
17.55	0.844874
17.56	0.844658
17.57	0.845074
17.58	0.844238
17.59	0.844542
17.6	0.84442
17.61	0.844174
17.62	0.844108
17.63	0.844033
17.64	0.844031
17.65	0.84463
17.66	0.844739
17.67	0.844899
17.68	0.844884
17.69	0.844916
17.7	0.845201
17.71	0.845281
17.72	0.845051
17.73	0.844883
17.74	0.844936
17.75	0.844823
17.76	0.844882
17.77	0.844883
17.78	0.844748
17.79	0.844676
17.8	0.844743
17.81	0.844687
17.82	0.844689
17.83	0.843996
17.84	0.844251
17.85	0.844261
17.86	0.844217
17.87	0.844446
17.88	0.844183
17.89	0.844286
17.9	0.844456
17.91	0.844107
17.92	0.844351
17.93	0.844631
17.94	0.844841
17.95	0.844705
17.96	0.844919
17.97	0.845018
17.98	0.845132
17.99	0.845136
18	0.845069
18.01	0.845132
18.02	0.844826
18.03	0.844394
18.04	0.844387
18.05	0.844184
18.06	0.844085
18.07	0.844401
18.08	0.844624
18.09	0.845007
18.1	0.845417
18.11	0.844693
18.12	0.844494
18.13	0.84472
18.14	0.844626
18.15	0.844401
18.16	0.844542
18.17	0.844463
18.18	0.844549
18.19	0.844291
18.2	0.844123
18.21	0.844312
18.22	0.844061
18.23	0.844133
18.24	0.844141
18.25	0.844761
18.26	0.844577
18.27	0.843689
18.28	0.844176
18.29	0.843745
18.3	0.843107
18.31	0.843256
18.32	0.843016
18.33	0.843996
18.34	0.843759
18.35	0.843801
18.36	0.843696
18.37	0.843635
18.38	0.842859
18.39	0.843255
18.4	0.843007
18.41	0.843641
18.42	0.84325
18.43	0.843251
18.44	0.843544
18.45	0.843638
18.46	0.843888
18.47	0.843716
18.48	0.844335
18.49	0.844256
18.5	0.844432
18.51	0.84437
18.52	0.844076
18.53	0.844044
18.54	0.843831
18.55	0.844691
18.56	0.844469
18.57	0.843965
18.58	0.843973
18.59	0.844091
18.6	0.844133
18.61	0.844029
18.62	0.844104
18.63	0.843693
18.64	0.844443
18.65	0.843863
18.66	0.844094
18.67	0.844244
18.68	0.844331
18.69	0.844272
18.7	0.84451
18.71	0.8443
18.72	0.844358
18.73	0.843995
18.74	0.844279
18.75	0.844287
18.76	0.844519
18.77	0.844224
18.78	0.84419
18.79	0.844393
18.8	0.844521
18.81	0.844388
18.82	0.844373
18.83	0.844516
18.84	0.844184
18.85	0.844153
18.86	0.844217
18.87	0.844422
18.88	0.844732
18.89	0.844712
18.9	0.844437
18.91	0.844197
18.92	0.844358
18.93	0.844486
18.94	0.844439
18.95	0.844296
18.96	0.844051
18.97	0.844127
18.98	0.844335
18.99	0.844328
19	0.844351
19.01	0.844644
19.02	0.844494
19.03	0.844341
19.04	0.844719
19.05	0.844785
19.06	0.844991
19.07	0.844731
19.08	0.844504
19.09	0.84479
19.1	0.844418
19.11	0.845026
19.12	0.845004
19.13	0.844867
19.14	0.844693
19.15	0.844346
19.16	0.844802
19.17	0.844613
19.18	0.844611
19.19	0.844429
19.2	0.844274
19.21	0.844365
19.22	0.844189
19.23	0.843921
19.24	0.844032
19.25	0.843883
19.26	0.843761
19.27	0.843794
19.28	0.84356
19.29	0.843548
19.3	0.843381
19.31	0.843287
19.32	0.842951
19.33	0.842503
19.34	0.842744
19.35	0.842483
19.36	0.843158
19.37	0.843141
19.38	0.842693
19.39	0.842944
19.4	0.84328
19.41	0.843419
19.42	0.843217
19.43	0.842912
19.44	0.843376
19.45	0.843709
19.46	0.843817
19.47	0.843715
19.48	0.843938
19.49	0.843885
19.5	0.843941
19.51	0.843744
19.52	0.843764
19.53	0.843805
19.54	0.843742
19.55	0.843635
19.56	0.843583
19.57	0.84356
19.58	0.843498
19.59	0.843426
19.6	0.843231
19.61	0.843441
19.62	0.84367
19.63	0.843523
19.64	0.843352
19.65	0.843304
19.66	0.843149
19.67	0.843331
19.68	0.843535
19.69	0.843559
19.7	0.843349
19.71	0.843496
19.72	0.843996
19.73	0.843675
19.74	0.844005
19.75	0.844051
19.76	0.844141
19.77	0.84392
19.78	0.843622
19.79	0.843674
19.8	0.843833
19.81	0.843749
19.82	0.843655
19.83	0.84356
19.84	0.843748
19.85	0.843528
19.86	0.84347
19.87	0.843436
19.88	0.843531
19.89	0.843642
19.9	0.843503
19.91	0.843638
19.92	0.843715
19.93	0.843617
19.94	0.843821
19.95	0.84392
19.96	0.844184
19.97	0.843814
19.98	0.844034
19.99	0.844017
20	0.843812
19.99	0.844059
19.98	0.843711
19.97	0.843664
19.96	0.843513
19.95	0.843304
19.94	0.843227
19.93	0.843418
19.92	0.843893
19.91	0.843385
19.9	0.843632
19.89	0.843776
19.88	0.843544
19.87	0.843477
19.86	0.843326
19.85	0.843558
19.84	0.843472
19.83	0.843393
19.82	0.843176
19.81	0.843241
19.8	0.843708
19.79	0.843685
19.78	0.84412
19.77	0.844093
19.76	0.843671
19.75	0.843688
19.74	0.843486
19.73	0.843428
19.72	0.843032
19.71	0.842994
19.7	0.843014
19.69	0.843142
19.68	0.843167
19.67	0.843107
19.66	0.842941
19.65	0.842799
19.64	0.842644
19.63	0.84271
19.62	0.842618
19.61	0.842648
19.6	0.842538
19.59	0.842562
19.58	0.842731
19.57	0.84206
19.56	0.843105
19.55	0.842457
19.54	0.842673
19.53	0.842856
19.52	0.843107
19.51	0.843228
19.5	0.843278
19.49	0.842978
19.48	0.842826
19.47	0.843407
19.46	0.843577
19.45	0.843537
19.44	0.843384
19.43	0.843443
19.42	0.843279
19.41	0.843596
19.4	0.843252
19.39	0.843023
19.38	0.84315
19.37	0.843374
19.36	0.84349
19.35	0.843188
19.34	0.843085
19.33	0.843145
19.32	0.843175
19.31	0.843442
19.3	0.843215
19.29	0.843555
19.28	0.843728
19.27	0.843978
19.26	0.843646
19.25	0.843417
19.24	0.843552
19.23	0.84355
19.22	0.843586
19.21	0.843825
19.2	0.843981
19.19	0.843914
19.18	0.84407
19.17	0.844092
19.16	0.844437
19.15	0.84422
19.14	0.844187
19.13	0.843636
19.12	0.844317
19.11	0.844686
19.1	0.844327
19.09	0.844257
19.08	0.844677
19.07	0.844324
19.06	0.844996
19.05	0.844442
19.04	0.844887
19.03	0.844312
19.02	0.844466
19.01	0.844476
19	0.844485
18.99	0.844463
18.98	0.844506
18.97	0.844339
18.96	0.844689
18.95	0.84425
18.94	0.844114
18.93	0.843536
18.92	0.843162
18.91	0.84344
18.9	0.843612
18.89	0.843705
18.88	0.843636
18.87	0.843522
18.86	0.843301
18.85	0.843284
18.84	0.843022
18.83	0.842895
18.82	0.842743
18.81	0.842698
18.8	0.842829
18.79	0.842906
18.78	0.84285
18.77	0.843036
18.76	0.842994
18.75	0.842631
18.74	0.842147
18.73	0.842179
18.72	0.842211
18.71	0.842241
18.7	0.842447
18.69	0.842585
18.68	0.842926
18.67	0.843226
18.66	0.843057
18.65	0.842773
18.64	0.842877
18.63	0.842822
18.62	0.842834
18.61	0.842934
18.6	0.842958
18.59	0.843083
18.58	0.843306
18.57	0.843278
18.56	0.843363
18.55	0.843236
18.54	0.843143
18.53	0.843163
18.52	0.842983
18.51	0.842825
18.5	0.842998
18.49	0.842913
18.48	0.842836
18.47	0.842911
18.46	0.842916
18.45	0.84313
18.44	0.842987
18.43	0.842927
18.42	0.842845
18.41	0.842877
18.4	0.842804
18.39	0.842743
18.38	0.842642
18.37	0.842348
18.36	0.842118
18.35	0.842326
18.34	0.842465
18.33	0.842672
18.32	0.842962
18.31	0.843151
18.3	0.842884
18.29	0.842825
18.28	0.843097
18.27	0.843347
18.26	0.843656
18.25	0.8436
18.24	0.843454
18.23	0.843422
18.22	0.843306
18.21	0.843182
18.2	0.843166
18.19	0.843427
18.18	0.843499
18.17	0.843174
18.16	0.843013
18.15	0.842656
18.14	0.842353
18.13	0.842416
18.12	0.842571
18.11	0.842747
18.1	0.842644
18.09	0.842678
18.08	0.842929
18.07	0.84306
18.06	0.84295
18.05	0.843054
18.04	0.843072
18.03	0.842982
18.02	0.842881
18.01	0.84292
18	0.842947
17.99	0.843111
17.98	0.843253
17.97	0.843356
17.96	0.843385
17.95	0.84333
17.94	0.843442
17.93	0.843544
17.92	0.843609
17.91	0.843771
17.9	0.843874
17.89	0.843732
17.88	0.843719
17.87	0.843636
17.86	0.843801
17.85	0.844098
17.84	0.844022
17.83	0.843911
17.82	0.844007
17.81	0.843949
17.8	0.843903
17.79	0.843814
17.78	0.843706
17.77	0.843524
17.76	0.843437
17.75	0.843249
17.74	0.842945
17.73	0.842982
17.72	0.843042
17.71	0.843157
17.7	0.843224
17.69	0.843399
17.68	0.84352
17.67	0.843248
17.66	0.842781
17.65	0.842796
17.64	0.842845
17.63	0.842778
17.62	0.842709
17.61	0.842643
17.6	0.842594
17.59	0.842531
17.58	0.842712
17.57	0.842839
17.56	0.842956
17.55	0.842991
17.54	0.843173
17.53	0.843106
17.52	0.843003
17.51	0.843022
17.5	0.843028
17.49	0.842974
17.48	0.842953
17.47	0.843074
17.46	0.843239
17.45	0.843341
17.44	0.843386
17.43	0.843463
17.42	0.843291
17.41	0.843163
17.4	0.843342
17.39	0.843472
17.38	0.843606
17.37	0.843664
17.36	0.843774
17.35	0.8436
17.34	0.843508
17.33	0.84335
17.32	0.843227
17.31	0.843504
17.3	0.84344
17.29	0.843344
17.28	0.8433
17.27	0.843205
17.26	0.843446
17.25	0.843563
17.24	0.843624
17.23	0.843522
17.22	0.843664
17.21	0.843633
17.2	0.843178
17.19	0.843079
17.18	0.843032
17.17	0.843094
17.16	0.843169
17.15	0.843379
17.14	0.843395
17.13	0.843431
17.12	0.843666
17.11	0.843786
17.1	0.84365
17.09	0.843781
17.08	0.843572
17.07	0.843432
17.06	0.843219
17.05	0.843155
17.04	0.843165
17.03	0.843246
17.02	0.843132
17.01	0.842925
17	0.842962
16.99	0.842964
16.98	0.842862
16.97	0.843137
16.96	0.843093
16.95	0.842801
16.94	0.842725
16.93	0.842544
16.92	0.842537
16.91	0.84262
16.9	0.842635
16.89	0.842593
16.88	0.842595
16.87	0.842468
16.86	0.842513
16.85	0.842559
16.84	0.842415
16.83	0.842255
16.82	0.842376
16.81	0.842437
16.8	0.842134
16.79	0.842055
16.78	0.842184
16.77	0.842205
16.76	0.842398
16.75	0.84256
16.74	0.842626
16.73	0.842546
16.72	0.842532
16.71	0.842711
16.7	0.842813
16.69	0.842827
16.68	0.842879
16.67	0.842901
16.66	0.84291
16.65	0.843191
16.64	0.843296
16.63	0.843403
16.62	0.843467
16.61	0.843401
16.6	0.84331
16.59	0.843234
16.58	0.843352
16.57	0.843278
16.56	0.843338
16.55	0.843418
16.54	0.843557
16.53	0.843455
16.52	0.843258
16.51	0.843154
16.5	0.843178
16.49	0.843225
16.48	0.843359
16.47	0.843493
16.46	0.843427
16.45	0.843286
16.44	0.843443
16.43	0.843728
16.42	0.843822
16.41	0.843815
16.4	0.843568
16.39	0.843817
16.38	0.844027
16.37	0.843886
16.36	0.843817
16.35	0.843707
16.34	0.843549
16.33	0.843607
16.32	0.843569
16.31	0.84356
16.3	0.843836
16.29	0.844131
16.28	0.844191
16.27	0.844195
16.26	0.844273
16.25	0.84416
16.24	0.844097
16.23	0.843967
16.22	0.843961
16.21	0.844095
16.2	0.844411
16.19	0.844757
16.18	0.844545
16.17	0.844666
16.16	0.844794
16.15	0.844709
16.14	0.844857
16.13	0.844594
16.12	0.844459
16.11	0.844212
16.1	0.844093
16.09	0.844103
16.08	0.844441
16.07	0.84461
16.06	0.844609
16.05	0.844647
16.04	0.844749
16.03	0.844662
16.02	0.844622
16.01	0.844865
16	0.844759
15.99	0.844357
15.98	0.844312
15.97	0.844227
15.96	0.844088
15.95	0.844113
15.94	0.844201
15.93	0.84439
15.92	0.844486
15.91	0.844521
15.9	0.844411
15.89	0.844551
15.88	0.844518
15.87	0.844441
15.86	0.844331
15.85	0.844348
15.84	0.844085
15.83	0.843858
15.82	0.843999
15.81	0.843995
15.8	0.844028
15.79	0.844058
15.78	0.844022
15.77	0.843955
15.76	0.844081
15.75	0.844223
15.74	0.844185
15.73	0.844247
15.72	0.844424
15.71	0.84462
15.7	0.844681
15.69	0.844551
15.68	0.844623
15.67	0.844693
15.66	0.844556
15.65	0.844432
15.64	0.844566
15.63	0.844609
15.62	0.844314
15.61	0.844097
15.6	0.844001
15.59	0.844011
15.58	0.843843
15.57	0.843898
15.56	0.844342
15.55	0.844438
15.54	0.844387
15.53	0.844185
15.52	0.844317
15.51	0.844675
15.5	0.844794
15.49	0.844404
15.48	0.844242
15.47	0.844346
15.46	0.844008
15.45	0.843748
15.44	0.843684
15.43	0.843803
15.42	0.843903
15.41	0.844011
15.4	0.844411
15.39	0.844764
15.38	0.845033
15.37	0.844691
15.36	0.844745
15.35	0.844888
15.34	0.844886
15.33	0.844823
15.32	0.844871
15.31	0.844754
15.3	0.844436
15.29	0.844092
15.28	0.84417
15.27	0.844162
15.26	0.843913
15.25	0.843741
15.24	0.843692
15.23	0.843862
15.22	0.844155
15.21	0.844263
15.2	0.844473
15.19	0.844552
15.18	0.8443
15.17	0.844334
15.16	0.844605
15.15	0.844624
15.14	0.844722
15.13	0.844656
15.12	0.84482
15.11	0.844889
15.1	0.844739
15.09	0.844849
15.08	0.845105
15.07	0.845046
15.06	0.845011
15.05	0.845098
15.04	0.845103
15.03	0.845116
15.02	0.844991
15.01	0.844614
15	0.844273
14.99	0.844049
14.98	0.844012
14.97	0.84399
14.96	0.843993
14.95	0.844065
14.94	0.844264
14.93	0.844526
14.92	0.844822
14.91	0.844721
14.9	0.845112
14.89	0.84559
14.88	0.845626
14.87	0.845541
14.86	0.845429
14.85	0.845458
14.84	0.844922
14.83	0.844571
14.82	0.844627
14.81	0.845105
14.8	0.845213
14.79	0.844929
14.78	0.844735
14.77	0.844596
14.76	0.844639
14.75	0.844997
14.74	0.844921
14.73	0.844925
14.72	0.845027
14.71	0.844897
14.7	0.845043
14.69	0.84502
14.68	0.844872
14.67	0.844729
14.66	0.844679
14.65	0.844744
14.64	0.844814
14.63	0.844882
14.62	0.844972
14.61	0.84498
14.6	0.844897
14.59	0.844973
14.58	0.845033
14.57	0.845299
14.56	0.845434
14.55	0.845357
14.54	0.845388
14.53	0.845359
14.52	0.84539
14.51	0.845613
14.5	0.845834
14.49	0.845699
14.48	0.845883
14.47	0.84585
14.46	0.845784
14.45	0.845434
14.44	0.845256
14.43	0.845343
14.42	0.845444
14.41	0.845506
14.4	0.845678
14.39	0.846011
14.38	0.845819
14.37	0.84541
14.36	0.845297
14.35	0.845227
14.34	0.845396
14.33	0.845105
14.32	0.845055
14.31	0.845205
14.3	0.845335
14.29	0.84532
14.28	0.8453
14.27	0.845215
14.26	0.845425
14.25	0.845337
14.24	0.845121
14.23	0.845168
14.22	0.845127
14.21	0.845347
14.2	0.845415
14.19	0.84521
14.18	0.845341
14.17	0.845577
14.16	0.845841
14.15	0.846291
14.14	0.84652
14.13	0.846294
14.12	0.845896
14.11	0.845815
14.1	0.845596
14.09	0.845777
14.08	0.845964
14.07	0.845688
14.06	0.845498
14.05	0.845352
14.04	0.845451
14.03	0.845171
14.02	0.844793
14.01	0.844597
14	0.844602
13.99	0.844746
13.98	0.844766
13.97	0.844945
13.96	0.845234
13.95	0.845098
13.94	0.845256
13.93	0.845659
13.92	0.845498
13.91	0.84538
13.9	0.845585
13.89	0.84592
13.88	0.846343
13.87	0.846548
13.86	0.846598
13.85	0.846578
13.84	0.845977
13.83	0.845605
13.82	0.845756
13.81	0.846106
13.8	0.846191
13.79	0.846147
13.78	0.846244
13.77	0.846303
13.76	0.846425
13.75	0.846755
13.74	0.846504
13.73	0.846111
13.72	0.846092
13.71	0.845991
13.7	0.845847
13.69	0.845567
13.68	0.845275
13.67	0.845199
13.66	0.845131
13.65	0.845235
13.64	0.845325
13.63	0.84548
13.62	0.845349
13.61	0.845389
13.6	0.845514
13.59	0.845729
13.58	0.845954
13.57	0.84608
13.56	0.845919
13.55	0.845578
13.54	0.845821
13.53	0.845706
13.52	0.845493
13.51	0.845501
13.5	0.845792
13.49	0.846143
13.48	0.846365
13.47	0.8465
13.46	0.846619
13.45	0.846866
13.44	0.846752
13.43	0.846489
13.42	0.846321
13.41	0.846311
13.4	0.846261
13.39	0.846288
13.38	0.846553
13.37	0.846527
13.36	0.846637
13.35	0.846658
13.34	0.846812
13.33	0.847035
13.32	0.846759
13.31	0.846484
13.3	0.846142
13.29	0.846042
13.28	0.845949
13.27	0.846072
13.26	0.846335
13.25	0.84652
13.24	0.846415
13.23	0.846522
13.22	0.846698
13.21	0.846622
13.2	0.846933
13.19	0.847419
13.18	0.847364
13.17	0.846925
13.16	0.846093
13.15	0.846071
13.14	0.84634
13.13	0.846471
13.12	0.846413
13.11	0.846338
13.1	0.84638
13.09	0.846552
13.08	0.846743
13.07	0.846495
13.06	0.846251
13.05	0.845848
13.04	0.845631
13.03	0.84571
13.02	0.846013
13.01	0.846366
13	0.846527
12.99	0.846609
12.98	0.846324
12.97	0.845593
12.96	0.84559
12.95	0.845667
12.94	0.845994
12.93	0.846473
12.92	0.84656
12.91	0.846542
12.9	0.846444
12.89	0.846474
12.88	0.846493
12.87	0.846825
12.86	0.84703
12.85	0.846767
12.84	0.84716
12.83	0.847273
12.82	0.847344
12.81	0.84718
12.8	0.84749
12.79	0.847683
12.78	0.847758
12.77	0.847193
12.76	0.846933
12.75	0.84679
12.74	0.846778
12.73	0.84677
12.72	0.846914
12.71	0.84697
12.7	0.846679
12.69	0.84657
12.68	0.846414
12.67	0.846439
12.66	0.846953
12.65	0.847106
12.64	0.847257
12.63	0.847577
12.62	0.847741
12.61	0.847674
12.6	0.847449
12.59	0.847411
12.58	0.847117
12.57	0.847022
12.56	0.847366
12.55	0.847038
12.54	0.846548
12.53	0.846531
12.52	0.846964
12.51	0.846958
12.5	0.84691
12.49	0.847415
12.48	0.847466
12.47	0.847068
12.46	0.846876
12.45	0.84695
12.44	0.847183
12.43	0.847328
12.42	0.847157
12.41	0.847108
12.4	0.847387
12.39	0.84728
12.38	0.847073
12.37	0.847077
12.36	0.84703
12.35	0.84711
12.34	0.847823
12.33	0.847631
12.32	0.846997
12.31	0.84643
12.3	0.846197
12.29	0.846561
12.28	0.846443
12.27	0.846693
12.26	0.846831
12.25	0.846295
12.24	0.84646
12.23	0.846734
12.22	0.846551
12.21	0.846921
12.2	0.847215
12.19	0.847171
12.18	0.847071
12.17	0.846651
12.16	0.846509
12.15	0.846414
12.14	0.846287
12.13	0.846051
12.12	0.845939
12.11	0.84638
12.1	0.846752
12.09	0.847017
12.08	0.847586
12.07	0.847729
12.06	0.847556
12.05	0.84781
12.04	0.847849
12.03	0.847486
12.02	0.847681
12.01	0.847811
12	0.847591
11.99	0.847718
11.98	0.848124
11.97	0.848455
11.96	0.848838
11.95	0.849044
11.94	0.848878
11.93	0.848633
11.92	0.84842
11.91	0.848567
11.9	0.848448
11.89	0.848487
11.88	0.848444
11.87	0.848813
11.86	0.848744
11.85	0.848713
11.84	0.848897
11.83	0.84891
11.82	0.848515
11.81	0.848385
11.8	0.848211
11.79	0.848357
11.78	0.848531
11.77	0.848144
11.76	0.848649
11.75	0.848683
11.74	0.848706
11.73	0.84829
11.72	0.848224
11.71	0.84827
11.7	0.848046
11.69	0.848227
11.68	0.848571
11.67	0.848676
11.66	0.848724
11.65	0.848748
11.64	0.848125
11.63	0.847741
11.62	0.847665
11.61	0.847563
11.6	0.847585
11.59	0.847327
11.58	0.846722
11.57	0.846883
11.56	0.847035
11.55	0.846896
11.54	0.846865
11.53	0.846893
11.52	0.847218
11.51	0.847608
11.5	0.848275
11.49	0.848339
11.48	0.848397
11.47	0.848269
11.46	0.848025
11.45	0.848253
11.44	0.848108
11.43	0.847634
11.42	0.84753
11.41	0.84829
11.4	0.84829
11.39	0.847961
11.38	0.848116
11.37	0.848064
11.36	0.848021
11.35	0.848125
11.34	0.84775
11.33	0.847937
11.32	0.848299
11.31	0.848173
11.3	0.848374
11.29	0.848628
11.28	0.848635
11.27	0.848589
11.26	0.848446
11.25	0.848597
11.24	0.848559
11.23	0.848787
11.22	0.848746
11.21	0.848548
11.2	0.848466
11.19	0.84859
11.18	0.848564
11.17	0.848166
11.16	0.848517
11.15	0.848974
11.14	0.849318
11.13	0.849336
11.12	0.849557
11.11	0.849595
11.1	0.849558
11.09	0.849149
11.08	0.84898
11.07	0.849391
11.06	0.849792
11.05	0.849992
11.04	0.850024
11.03	0.850494
11.02	0.850964
11.01	0.850786
11	0.850678
10.99	0.851271
10.98	0.851314
10.97	0.850533
10.96	0.850294
10.95	0.85042
10.94	0.850312
10.93	0.849977
10.92	0.849743
10.91	0.849891
10.9	0.850121
10.89	0.851067
10.88	0.851693
10.87	0.851582
10.86	0.851423
10.85	0.851738
10.84	0.851805
10.83	0.851503
10.82	0.850974
10.81	0.850809
10.8	0.850776
10.79	0.85068
10.78	0.850362
10.77	0.850041
10.76	0.850066
10.75	0.849595
10.74	0.849733
10.73	0.850021
10.72	0.850437
10.71	0.850602
10.7	0.850397
10.69	0.850362
10.68	0.849901
10.67	0.849482
10.66	0.849146
10.65	0.848806
10.64	0.848586
10.63	0.848349
10.62	0.848098
10.61	0.848085
10.6	0.848745
10.59	0.848811
10.58	0.848816
10.57	0.848428
10.56	0.848416
10.55	0.848444
10.54	0.848261
10.53	0.848376
10.52	0.848529
10.51	0.848669
10.5	0.848658
10.49	0.848205
10.48	0.847786
10.47	0.847503
10.46	0.847828
10.45	0.848004
10.44	0.84801
10.43	0.847998
10.42	0.848366
10.41	0.848619
10.4	0.849064
10.39	0.849556
10.38	0.849544
10.37	0.849358
10.36	0.84946
10.35	0.849706
10.34	0.849558
10.33	0.850009
10.32	0.849935
10.31	0.849918
10.3	0.849619
10.29	0.849377
10.28	0.849781
10.27	0.85011
10.26	0.849961
10.25	0.849811
10.24	0.850244
10.23	0.850665
10.22	0.850797
10.21	0.85092
10.2	0.850833
10.19	0.850765
10.18	0.850484
10.17	0.850256
10.16	0.850073
10.15	0.849905
10.14	0.850383
10.13	0.85061
10.12	0.850142
10.11	0.850373
10.1	0.850678
10.09	0.850952
10.08	0.851012
10.07	0.85051
10.06	0.849675
10.05	0.849201
10.04	0.849069
10.03	0.848904
10.02	0.848832
10.01	0.848892
10	0.849042
9.99	0.849341
9.98	0.849682
9.97	0.849634
9.96	0.849467
9.95	0.849761
9.94	0.849838
9.93	0.850042
9.92	0.850427
9.91	0.851007
9.9	0.851214
9.89	0.850764
9.88	0.850769
9.87	0.851046
9.86	0.850531
9.85	0.849927
9.84	0.849688
9.83	0.849855
9.82	0.849977
9.81	0.850334
9.8	0.850711
9.79	0.850935
9.78	0.850832
9.77	0.850692
9.76	0.850876
9.75	0.85083
9.74	0.850584
9.73	0.85008
9.72	0.850298
9.71	0.850296
9.7	0.850004
9.69	0.849722
9.68	0.849713
9.67	0.850086
9.66	0.850314
9.65	0.850626
9.64	0.850904
9.63	0.851124
9.62	0.850923
9.61	0.851037
9.6	0.851292
9.59	0.851341
9.58	0.851197
9.57	0.850959
9.56	0.850702
9.55	0.850862
9.54	0.851628
9.53	0.852053
9.52	0.851702
9.51	0.851803
9.5	0.850977
9.49	0.850757
9.48	0.85104
9.47	0.851082
9.46	0.851303
9.45	0.851326
9.44	0.851796
9.43	0.852257
9.42	0.852316
9.41	0.852378
9.4	0.852389
9.39	0.852286
9.38	0.852218
9.37	0.85202
9.36	0.851982
9.35	0.851907
9.34	0.851868
9.33	0.852077
9.32	0.852052
9.31	0.851835
9.3	0.851754
9.29	0.852847
9.28	0.853404
9.27	0.853143
9.26	0.853227
9.25	0.852894
9.24	0.853187
9.23	0.853702
9.22	0.854174
9.21	0.854404
9.2	0.854372
9.19	0.854276
9.18	0.853976
9.17	0.853789
9.16	0.853955
9.15	0.853937
9.14	0.854297
9.13	0.854094
9.12	0.853941
9.11	0.854342
9.1	0.854568
9.09	0.854608
9.08	0.855027
9.07	0.855033
9.06	0.854896
9.05	0.854899
9.04	0.854147
9.03	0.853898
9.02	0.854005
9.01	0.854365
9	0.854721
8.99	0.854268
8.98	0.853741
8.97	0.853807
8.96	0.853877
8.95	0.853847
8.94	0.853894
8.93	0.85416
8.92	0.854706
8.91	0.854849
8.9	0.854376
8.89	0.853861
8.88	0.853902
8.87	0.853493
8.86	0.853027
8.85	0.852675
8.84	0.852628
8.83	0.852958
8.82	0.853203
8.81	0.853047
8.8	0.852793
8.79	0.853522
8.78	0.853799
8.77	0.853011
8.76	0.852797
8.75	0.852925
8.74	0.85261
8.73	0.852735
8.72	0.85317
8.71	0.852658
8.7	0.853221
8.69	0.854101
8.68	0.854585
8.67	0.854841
8.66	0.854623
8.65	0.854026
8.64	0.853563
8.63	0.853374
8.62	0.852988
8.61	0.852858
8.6	0.853051
8.59	0.853005
8.58	0.852991
8.57	0.853283
8.56	0.853433
8.55	0.854183
8.54	0.854346
8.53	0.854275
8.52	0.854186
8.51	0.854319
8.5	0.854427
8.49	0.853887
8.48	0.853586
8.47	0.853446
8.46	0.853389
8.45	0.853673
8.44	0.854164
8.43	0.854436
8.42	0.854344
8.41	0.854128
8.4	0.853376
8.39	0.852707
8.38	0.85275
8.37	0.852854
8.36	0.853171
8.35	0.853619
8.34	0.853334
8.33	0.853267
8.32	0.853002
8.31	0.853128
8.3	0.852947
8.29	0.853067
8.28	0.852862
8.27	0.853035
8.26	0.853471
8.25	0.853744
8.24	0.853783
8.23	0.854031
8.22	0.854224
8.21	0.854616
8.2	0.855271
8.19	0.855036
8.18	0.854592
8.17	0.854032
8.16	0.854639
8.15	0.855372
8.14	0.855759
8.13	0.855647
8.12	0.856016
8.11	0.855962
8.1	0.85603
8.09	0.855406
8.08	0.855147
8.07	0.854912
8.06	0.855511
8.05	0.856327
8.04	0.855746
8.03	0.855396
8.02	0.855684
8.01	0.856311
8	0.857053
7.99	0.857295
7.98	0.856735
7.97	0.85758
7.96	0.857278
7.95	0.857066
7.94	0.857248
7.93	0.857719
7.92	0.857087
7.91	0.856484
7.9	0.856423
7.89	0.856475
7.88	0.856357
7.87	0.855973
7.86	0.855935
7.85	0.855658
7.84	0.855434
7.83	0.855588
7.82	0.855944
7.81	0.856361
7.8	0.856772
7.79	0.85659
7.78	0.856395
7.77	0.857152
7.76	0.857431
7.75	0.857368
7.74	0.857041
7.73	0.857018
7.72	0.857079
7.71	0.856518
7.7	0.855941
7.69	0.85556
7.68	0.855605
7.67	0.855995
7.66	0.857313
7.65	0.857924
7.64	0.858494
7.63	0.858437
7.62	0.858445
7.61	0.858231
7.6	0.858163
7.59	0.859037
7.58	0.859208
7.57	0.859614
7.56	0.859927
7.55	0.859832
7.54	0.860006
7.53	0.858741
7.52	0.858009
7.51	0.858049
7.5	0.857413
7.49	0.857131
7.48	0.857592
7.47	0.858413
7.46	0.858522
7.45	0.858783
7.44	0.859387
7.43	0.859153
7.42	0.85888
7.41	0.857742
7.4	0.857942
7.39	0.857869
7.38	0.858022
7.37	0.858582
7.36	0.858127
7.35	0.857738
7.34	0.857307
7.33	0.857729
7.32	0.858172
7.31	0.85869
7.3	0.859157
7.29	0.859013
7.28	0.858328
7.27	0.858525
7.26	0.859558
7.25	0.860142
7.24	0.860085
7.23	0.859388
7.22	0.858484
7.21	0.858295
7.2	0.858607
7.19	0.859737
7.18	0.859388
7.17	0.859605
7.16	0.860867
7.15	0.86093
7.14	0.860935
7.13	0.860765
7.12	0.859861
7.11	0.859024
7.1	0.859275
7.09	0.859388
7.08	0.85947
7.07	0.859675
7.06	0.859256
7.05	0.859434
7.04	0.858576
7.03	0.857698
7.02	0.857572
7.01	0.857027
7	0.856741
6.99	0.856444
6.98	0.85645
6.97	0.857511
6.96	0.858231
6.95	0.858414
6.94	0.85805
6.93	0.858689
6.92	0.859001
6.91	0.859071
6.9	0.858801
6.89	0.858649
6.88	0.858398
6.87	0.858315
6.86	0.858696
6.85	0.858984
6.84	0.859248
6.83	0.859625
6.82	0.86036
6.81	0.860591
6.8	0.860829
6.79	0.860879
6.78	0.860898
6.77	0.86075
6.76	0.860035
6.75	0.860847
6.74	0.860971
6.73	0.860686
6.72	0.860181
6.71	0.86021
6.7	0.861024
6.69	0.860857
6.68	0.860218
6.67	0.860368
6.66	0.86071
6.65	0.86174
6.64	0.861693
6.63	0.861521
6.62	0.861414
6.61	0.861601
6.6	0.860944
6.59	0.861057
6.58	0.861252
6.57	0.860265
6.56	0.859983
6.55	0.860161
6.54	0.85973
6.53	0.859641
6.52	0.85999
6.51	0.8607
6.5	0.86074
6.49	0.86082
6.48	0.861958
6.47	0.861244
6.46	0.861758
6.45	0.862784
6.44	0.86352
6.43	0.863172
6.42	0.86272
6.41	0.862221
6.4	0.862037
6.39	0.862216
6.38	0.862175
6.37	0.861951
6.36	0.861893
6.35	0.862327
6.34	0.863529
6.33	0.863461
6.32	0.863063
6.31	0.862537
6.3	0.863082
6.29	0.86317
6.28	0.863767
6.27	0.863143
6.26	0.862088
6.25	0.862143
6.24	0.861993
6.23	0.861511
6.22	0.861669
6.21	0.86123
6.2	0.860993
6.19	0.861787
6.18	0.86236
6.17	0.862988
6.16	0.862246
6.15	0.862138
6.14	0.862279
6.13	0.861451
6.12	0.860921
6.11	0.860339
6.1	0.861023
6.09	0.861195
6.08	0.860719
6.07	0.860626
6.06	0.861136
6.05	0.862124
6.04	0.86289
6.03	0.862906
6.02	0.863061
6.01	0.863337
6	0.863878
5.99	0.863371
5.98	0.862903
5.97	0.862279
5.96	0.861975
5.95	0.862719
5.94	0.862947
5.93	0.86305
5.92	0.862349
5.91	0.862552
5.9	0.863101
5.89	0.864239
5.88	0.86428
5.87	0.863881
5.86	0.863842
5.85	0.86505
5.84	0.865582
5.83	0.865562
5.82	0.865487
5.81	0.865492
5.8	0.866483
5.79	0.86705
5.78	0.867051
5.77	0.866661
5.76	0.866636
5.75	0.868348
5.74	0.867661
5.73	0.866151
5.72	0.865714
5.71	0.867215
5.7	0.866425
5.69	0.866901
5.68	0.867398
5.67	0.868047
5.66	0.867798
5.65	0.866866
5.64	0.867078
5.63	0.866184
5.62	0.864832
5.61	0.864534
5.6	0.863944
5.59	0.864327
5.58	0.864115
5.57	0.863474
5.56	0.862641
5.55	0.862438
5.54	0.862791
5.53	0.863583
5.52	0.863665
5.51	0.864419
5.5	0.864559
5.49	0.864672
5.48	0.863663
5.47	0.863339
5.46	0.863901
5.45	0.863971
5.44	0.864127
5.43	0.866411
5.42	0.868214
5.41	0.868917
5.4	0.869523
5.39	0.869396
5.38	0.869728
5.37	0.870033
5.36	0.868398
5.35	0.868594
5.34	0.867995
5.33	0.866597
5.32	0.865929
5.31	0.865777
5.3	0.865732
5.29	0.865393
5.28	0.865323
5.27	0.865532
5.26	0.86507
5.25	0.864813
5.24	0.865495
5.23	0.866055
5.22	0.86683
5.21	0.867351
5.2	0.867095
5.19	0.86796
5.18	0.86866
5.17	0.868355
5.16	0.868469
5.15	0.870616
5.14	0.870877
5.13	0.869612
5.12	0.868947
5.11	0.868795
5.1	0.868591
5.09	0.869175
5.08	0.868309
5.07	0.869184
5.06	0.86938
5.05	0.869557
5.04	0.870634
5.03	0.870029
5.02	0.869548
5.01	0.870708
5	0.869764
4.99	0.868617
4.98	0.867985
4.97	0.869798
4.96	0.871579
4.95	0.873506
4.94	0.873231
4.93	0.872273
4.92	0.872186
4.91	0.872681
4.9	0.873059
4.89	0.874434
4.88	0.873655
4.87	0.873883
4.86	0.874404
4.85	0.872973
4.84	0.873375
4.83	0.875693
4.82	0.874503
4.81	0.873887
4.8	0.874292
4.79	0.875097
4.78	0.875917
4.77	0.876922
4.76	0.876318
4.75	0.876436
4.74	0.875795
4.73	0.876361
4.72	0.877301
4.71	0.877217
4.7	0.877991
4.69	0.878589
4.68	0.878008
4.67	0.879129
4.66	0.879305
4.65	0.878475
4.64	0.877554
4.63	0.876777
4.62	0.874761
4.61	0.874272
4.6	0.87478
4.59	0.875434
4.58	0.875521
4.57	0.875716
4.56	0.876692
4.55	0.877257
4.54	0.878316
4.53	0.877761
4.52	0.876045
4.51	0.875705
4.5	0.874924
4.49	0.875768
4.48	0.877084
4.47	0.877858
4.46	0.877586
4.45	0.876776
4.44	0.877084
4.43	0.877172
4.42	0.87606
4.41	0.875963
4.4	0.877771
4.39	0.878971
4.38	0.879009
4.37	0.880359
4.36	0.881137
4.35	0.881
4.34	0.881907
4.33	0.882604
4.32	0.882184
4.31	0.881832
4.3	0.88233
4.29	0.883138
4.28	0.882245
4.27	0.882063
4.26	0.881942
4.25	0.881884
4.24	0.881199
4.23	0.878985
4.22	0.878073
4.21	0.880227
4.2	0.882872
4.19	0.883153
4.18	0.883946
4.17	0.883854
4.16	0.884588
4.15	0.884131
4.14	0.88353
4.13	0.883134
4.12	0.882085
4.11	0.881882
4.1	0.881424
4.09	0.881433
4.08	0.882225
4.07	0.882846
4.06	0.885424
4.05	0.886025
4.04	0.884626
4.03	0.885622
4.02	0.886513
4.01	0.885008
4	0.884799
3.99	0.885282
3.98	0.887339
3.97	0.886334
3.96	0.886718
3.95	0.889135
3.94	0.889936
3.93	0.891497
3.92	0.891118
3.91	0.890006
3.9	0.890512
3.89	0.89251
3.88	0.892394
3.87	0.89269
3.86	0.893386
3.85	0.892098
3.84	0.890591
3.83	0.889588
3.82	0.890845
3.81	0.891948
3.8	0.893621
3.79	0.895537
3.78	0.897432
3.77	0.898234
3.76	0.900551
3.75	0.901935
3.74	0.901412
3.73	0.900884
3.72	0.900724
3.71	0.899428
3.7	0.898784
3.69	0.900242
3.68	0.900453
3.67	0.905487
3.66	0.903692
3.65	0.906808
3.64	0.905625
3.63	0.905467
3.62	0.90897
3.61	0.909866
3.6	0.907125
3.59	0.907206
3.58	0.90609
3.57	0.905243
3.56	0.905958
3.55	0.906045
3.54	0.906145
3.53	0.907992
3.52	0.907408
3.51	0.907128
3.5	0.908336
3.49	0.905922
3.48	0.907999
3.47	0.908836
3.46	0.907623
3.45	0.905213
3.44	0.906865
3.43	0.906801
3.42	0.907806
3.41	0.909465
3.4	0.910261
3.39	0.91013
3.38	0.911536
3.37	0.912477
3.36	0.913962
3.35	0.91388
3.34	0.915794
3.33	0.916083
3.32	0.912942
3.31	0.910873
3.3	0.910917
3.29	0.91194
3.28	0.912526
3.27	0.91116
3.26	0.911784
3.25	0.913385
3.24	0.916884
3.23	0.915669
3.22	0.914018
3.21	0.913156
3.2	0.913192
3.19	0.912795
3.18	0.914699
3.17	0.915007
3.16	0.915654
3.15	0.919075
3.14	0.918106
3.13	0.920153
3.12	0.921587
3.11	0.921392
3.1	0.926967
3.09	0.927275
3.08	0.926303
3.07	0.92493
3.06	0.922193
3.05	0.922933
3.04	0.922412
3.03	0.925231
3.02	0.928653
3.01	0.928142
3	0.928246
2.99	0.928966
2.98	0.928781
2.97	0.928154
2.96	0.927257
2.95	0.930571
2.94	0.931669
2.93	0.933483
2.92	0.931875
2.91	0.929139
2.9	0.92772
2.89	0.927969
2.88	0.930641
2.87	0.930104
2.86	0.930133
2.85	0.932315
2.84	0.934146
2.83	0.934053
2.82	0.93854
2.81	0.939371
2.8	0.938255
2.79	0.943204
2.78	0.942069
2.77	0.944022
2.76	0.940286
2.75	0.937736
2.74	0.937876
2.73	0.941591
2.72	0.940866
2.71	0.942541
2.7	0.943079
2.69	0.944807
2.68	0.949231
2.67	0.948033
2.66	0.946394
2.65	0.943692
2.64	0.943803
2.63	0.94572
2.62	0.949382
2.61	0.952146
2.6	0.948363
2.59	0.944626
2.58	0.945424
2.57	0.944431
2.56	0.945707
2.55	0.951176
2.54	0.94973
2.53	0.949095
2.52	0.950441
2.51	0.952003
2.5	0.951211
2.49	0.951577
2.48	0.951382
2.47	0.950232
2.46	0.947778
2.45	0.947065
2.44	0.95219
2.43	0.954259
2.42	0.953798
2.41	0.957473
2.4	0.957935
2.39	0.957796
2.38	0.955968
2.37	0.961132
2.36	0.96306
2.35	0.963902
2.34	0.95961
2.33	0.96085
2.32	0.961531
2.31	0.958982
2.3	0.957329
2.29	0.959187
2.28	0.965971
2.27	0.963983
2.26	0.961718
2.25	0.962909
2.24	0.962394
2.23	0.961761
2.22	0.957181
2.21	0.958656
2.2	0.96217
2.19	0.961944
2.18	0.96003
2.17	0.963389
2.16	0.96491
2.15	0.962347
2.14	0.961781
2.13	0.966012
2.12	0.965693
2.11	0.969421
2.1	0.968295
2.09	0.971022
2.08	0.967304
2.07	0.969668
2.06	0.967369
2.05	0.965437
2.04	0.965414
2.03	0.965236
2.02	0.968422
2.01	0.966538
2	0.966111
1.99	0.969754
1.98	0.970878
1.97	0.967884
1.96	0.967942
1.95	0.968592
1.94	0.97117
1.93	0.969542
1.92	0.972527
1.91	0.972011
1.9	0.973525
1.89	0.97166
1.88	0.975635
1.87	0.974923
1.86	0.97394
1.85	0.970708
1.84	0.971146
1.83	0.974051
1.82	0.974391
1.81	0.974611
1.8	0.974973
1.79	0.973587
1.78	0.972213
1.77	0.973031
1.76	0.977738
1.75	0.978281
1.74	0.978893
1.73	0.977926
1.72	0.976991
1.71	0.973537
1.7	0.973456
1.69	0.976644
1.68	0.977481
1.67	0.977943
1.66	0.977794
1.65	0.977691
1.64	0.978273
1.63	0.979211
1.62	0.981995
1.61	0.98167
1.6	0.981627
1.59	0.982937
1.58	0.977601
1.57	0.977674
1.56	0.978313
1.55	0.97644
1.54	0.979996
1.53	0.975395
1.52	0.978582
1.51	0.977802
1.5	0.980624
1.49	0.983366
1.48	0.982442
1.47	0.980058
1.46	0.980156
1.45	0.980665
1.44	0.981237
1.43	0.982272
1.42	0.983306
1.41	0.98035
1.4	0.983917
1.39	0.985179
1.38	0.984374
1.37	0.984583
1.36	0.984417
1.35	0.983144
1.34	0.983793
1.33	0.984797
1.32	0.983702
1.31	0.983677
1.3	0.9847
1.29	0.98629
1.28	0.985863
1.27	0.982954
1.26	0.980904
1.25	0.982229
1.24	0.983418
1.23	0.983933
1.22	0.986221
1.21	0.98743
1.2	0.986096
1.19	0.987123
1.18	0.98379
1.17	0.987739
1.16	0.985244
1.15	0.988575
1.14	0.986354
1.13	0.989167
1.12	0.987557
1.11	0.987597
1.1	0.98703
1.09	0.984638
1.08	0.986799
1.07	0.985377
1.06	0.988351
1.05	0.988677
1.04	0.988199
1.03	0.986618
1.02	0.985352
1.01	0.986823
1	0.987007
0.99	0.985437
0.98	0.987141
0.97	0.990329
0.96	0.987593
0.95	0.991584
0.94	0.990802
0.93	0.987789
0.92	0.990733
0.91	0.99453
0.9	0.992685
0.89	0.988906
0.88	0.989919
0.87	0.993186
0.86	0.992406
0.85	0.990714
0.84	0.994194
0.83	0.992833
0.82	0.989607
0.81	0.992039
0.8	0.990964
0.79	0.991276
0.78	0.993174
0.77	0.991547
0.76	0.990984
0.75	0.995755
0.74	0.992875
0.73	0.990832
0.72	0.98979
0.71	0.99045
0.7	0.991472
0.69	0.991461
0.68	0.992842
0.67	0.993492
0.66	0.992727
0.65	0.992242
0.64	0.99382
0.63	0.994575
0.62	0.995841
0.61	0.99263
0.6	0.989913
0.59	0.991894
0.58	0.9951
0.57	0.993623
0.56	0.991713
0.55	0.992358
0.54	0.995458
0.53	0.995132
0.52	0.995767
0.51	0.995181
0.5	0.993717
0.49	0.996125
0.48	0.996462
0.47	0.994264
0.46	0.993634
0.45	0.996635
0.44	0.9987
0.43	0.995776
0.42	0.994577
0.41	0.99807
0.4	0.996965
0.39	0.993057
0.38	0.993915
0.37	0.994323
0.36	0.995833
0.35	0.995833
0.34	0.997976
0.33	0.99762
0.32	0.997271
0.31	0.99737
0.3	0.996305
0.29	0.99628
0.28	0.997426
0.27	0.997454
0.26	0.998549
0.25	0.99617
0.24	0.998366
0.23	0.997865
0.22	0.996551
0.21	0.998773
0.2	0.997564
0.19	0.998541
0.18	0.999213
0.17	0.999356
0.16	0.998666
0.15	0.997557
0.14	0.998523
0.13	0.997265
0.12	0.99916
0.11	0.999691
0.1	0.999791
0.09	0.998955
0.08	0.999236
0.07	0.999856
0.06	1.00047
0.05	0.999511
0.04	0.999395
0.03	0.999257
0.02	1.00125
0.01	0.999675




