0	0.994249
0.01	1.00727
0.02	1.00294
0.03	1.00177
0.04	0.997927
0.05	1.00052
0.06	1.00051
0.07	0.998003
0.08	1.00175
0.09	1.00248
0.1	1.00711
0.11	1.0047
0.12	0.99734
0.13	0.997574
0.14	0.997552
0.15	1.00254
0.16	0.999244
0.17	1.00012
0.18	0.990504
0.19	0.992829
0.2	1.0007
0.21	1.00194
0.22	0.999115
0.23	0.997495
0.24	0.998703
0.25	1.00058
0.26	0.999279
0.27	0.997077
0.28	0.995252
0.29	0.994698
0.3	0.997386
0.31	1.00043
0.32	1.00214
0.33	0.995211
0.34	0.998276
0.35	0.998594
0.36	0.988454
0.37	0.99419
0.38	1.00225
0.39	1.00072
0.4	0.999077
0.41	0.999625
0.42	0.987439
0.43	0.996591
0.44	0.992015
0.45	0.994538
0.46	0.998784
0.47	0.995236
0.48	0.997744
0.49	0.993462
0.5	0.992303
0.51	0.990869
0.52	0.988404
0.53	0.993298
0.54	1.00144
0.55	0.989815
0.56	0.991572
0.57	0.997111
0.58	0.994562
0.59	0.992153
0.6	0.993254
0.61	0.995256
0.62	1.01116
0.63	0.996615
0.64	0.994312
0.65	0.990356
0.66	0.998004
0.67	1.00263
0.68	0.991511
0.69	0.980902
0.7	0.98839
0.71	0.997735
0.72	0.998056
0.73	0.99388
0.74	0.994981
0.75	0.990212
0.76	0.992592
0.77	0.998092
0.78	0.986051
0.79	0.998539
0.8	0.995772
0.81	0.992935
0.82	0.992857
0.83	0.991514
0.84	0.99513
0.85	1.00061
0.86	0.991791
0.87	0.991332
0.88	0.992393
0.89	0.991884
0.9	0.98515
0.91	0.989313
0.92	0.995492
0.93	0.986494
0.94	0.993438
0.95	0.990712
0.96	0.982394
0.97	0.978575
0.98	0.991463
0.99	0.989972
1	0.987606
1.01	0.979434
1.02	0.982757
1.03	0.982711
1.04	0.982747
1.05	0.985975
1.06	0.99603
1.07	0.987975
1.08	0.989903
1.09	0.987191
1.1	0.983654
1.11	0.989492
1.12	0.988933
1.13	0.985784
1.14	0.993715
1.15	0.996763
1.16	0.992269
1.17	0.987332
1.18	0.988234
1.19	0.980186
1.2	0.978196
1.21	0.977303
1.22	0.978496
1.23	0.988718
1.24	0.993137
1.25	0.984791
1.26	0.978058
1.27	0.989442
1.28	0.990477
1.29	0.990638
1.3	0.977369
1.31	0.978503
1.32	0.977568
1.33	0.980432
1.34	0.982917
1.35	0.992218
1.36	0.983557
1.37	0.980384
1.38	0.995939
1.39	0.985177
1.4	0.99024
1.41	0.988627
1.42	0.978882
1.43	0.980247
1.44	0.976603
1.45	0.966933
1.46	0.972203
1.47	0.978609
1.48	0.97636
1.49	0.97059
1.5	0.992188
1.51	0.976815
1.52	0.978726
1.53	0.978494
1.54	0.974959
1.55	0.97439
1.56	0.978317
1.57	0.983018
1.58	0.979868
1.59	0.982018
1.6	0.98383
1.61	0.983447
1.62	0.97988
1.63	0.985657
1.64	0.978054
1.65	0.973021
1.66	0.973625
1.67	0.991091
1.68	0.985551
1.69	0.975603
1.7	0.979711
1.71	0.991471
1.72	0.974688
1.73	0.967544
1.74	0.96959
1.75	0.983253
1.76	0.981133
1.77	0.9857
1.78	0.99102
1.79	0.982344
1.8	0.974919
1.81	0.989389
1.82	0.980455
1.83	0.975239
1.84	0.973175
1.85	0.972567
1.86	0.97193
1.87	0.977545
1.88	0.973003
1.89	0.984597
1.9	0.980593
1.91	0.976855
1.92	0.974885
1.93	0.970247
1.94	0.987363
1.95	0.979965
1.96	0.979855
1.97	0.970311
1.98	0.971644
1.99	0.974976
2	0.972392
2.01	0.964067
2.02	0.963272
2.03	0.962492
2.04	0.981834
2.05	0.96975
2.06	0.976137
2.07	0.966766
2.08	0.966109
2.09	0.965492
2.1	0.970326
2.11	0.960698
2.12	0.960101
2.13	0.973674
2.14	0.977444
2.15	0.976851
2.16	0.964919
2.17	0.971109
2.18	0.965467
2.19	0.971811
2.2	0.970226
2.21	0.963568
2.22	0.971524
2.23	0.971265
2.24	0.984242
2.25	0.981992
2.26	0.977331
2.27	0.974088
2.28	0.968957
2.29	0.961995
2.3	0.962173
2.31	0.959899
2.32	0.957102
2.33	0.947702
2.34	0.94827
2.35	0.954326
2.36	0.949293
2.37	0.955202
2.38	0.961353
2.39	0.954528
2.4	0.959369
2.41	0.956729
2.42	0.949506
2.43	0.947526
2.44	0.956333
2.45	0.95481
2.46	0.944298
2.47	0.949742
2.48	0.943981
2.49	0.956079
2.5	0.977519
2.51	0.971158
2.52	0.972503
2.53	0.968234
2.54	0.971919
2.55	0.971315
2.56	0.977404
2.57	0.974279
2.58	0.969773
2.59	0.961089
2.6	0.958596
2.61	0.974898
2.62	0.973881
2.63	0.983186
2.64	0.973607
2.65	0.952106
2.66	0.947436
2.67	0.948042
2.68	0.938493
2.69	0.936938
2.7	0.936693
2.71	0.946593
2.72	0.93715
2.73	0.936048
2.74	0.928225
2.75	0.930671
2.76	0.929942
2.77	0.931988
2.78	0.937736
2.79	0.937582
2.8	0.934559
2.81	0.922495
2.82	0.925776
2.83	0.921643
2.84	0.93057
2.85	0.932543
2.86	0.933584
2.87	0.931675
2.88	0.935093
2.89	0.934107
2.9	0.928424
2.91	0.931598
2.92	0.934582
2.93	0.938712
2.94	0.947423
2.95	0.947805
2.96	0.944485
2.97	0.943807
2.98	0.937028
2.99	0.93402
3	0.943849
3.01	0.944457
3.02	0.942586
3.03	0.950076
3.04	0.951547
3.05	0.939107
3.06	0.940979
3.07	0.930311
3.08	0.935051
3.09	0.939553
3.1	0.930709
3.11	0.931874
3.12	0.919274
3.13	0.920181
3.14	0.918361
3.15	0.917113
3.16	0.912556
3.17	0.913167
3.18	0.913499
3.19	0.907882
3.2	0.915296
3.21	0.918451
3.22	0.9176
3.23	0.920245
3.24	0.906147
3.25	0.908189
3.26	0.910104
3.27	0.90975
3.28	0.917136
3.29	0.921673
3.3	0.929414
3.31	0.944803
3.32	0.94378
3.33	0.934005
3.34	0.929159
3.35	0.928851
3.36	0.93022
3.37	0.919553
3.38	0.913727
3.39	0.9165
3.4	0.922562
3.41	0.925107
3.42	0.926238
3.43	0.935146
3.44	0.940933
3.45	0.939301
3.46	0.936278
3.47	0.926331
3.48	0.915459
3.49	0.909185
3.5	0.912398
3.51	0.909811
3.52	0.916004
3.53	0.924586
3.54	0.932321
3.55	0.931891
3.56	0.927229
3.57	0.919109
3.58	0.91502
3.59	0.911937
3.6	0.908658
3.61	0.905966
3.62	0.898912
3.63	0.901922
3.64	0.896466
3.65	0.895875
3.66	0.901747
3.67	0.900167
3.68	0.900228
3.69	0.89751
3.7	0.889916
3.71	0.892772
3.72	0.897279
3.73	0.89076
3.74	0.893612
3.75	0.878549
3.76	0.875665
3.77	0.875732
3.78	0.873573
3.79	0.874945
3.8	0.878469
3.81	0.881337
3.82	0.881911
3.83	0.887209
3.84	0.891242
3.85	0.894543
3.86	0.898822
3.87	0.889986
3.88	0.88926
3.89	0.885676
3.9	0.888954
3.91	0.894173
3.92	0.893345
3.93	0.889947
3.94	0.884525
3.95	0.882446
3.96	0.878173
3.97	0.885607
3.98	0.90049
3.99	0.898319
4	0.899591
4.01	0.900091
4.02	0.896574
4.03	0.893716
4.04	0.893486
4.05	0.889102
4.06	0.881465
4.07	0.880542
4.08	0.883956
4.09	0.891064
4.1	0.884003
4.11	0.881888
4.12	0.878215
4.13	0.883557
4.14	0.886269
4.15	0.894304
4.16	0.897727
4.17	0.898347
4.18	0.898048
4.19	0.89496
4.2	0.902844
4.21	0.906939
4.22	0.902866
4.23	0.906701
4.24	0.90731
4.25	0.901702
4.26	0.89823
4.27	0.896614
4.28	0.89185
4.29	0.887799
4.3	0.889394
4.31	0.888176
4.32	0.884537
4.33	0.881094
4.34	0.880304
4.35	0.884828
4.36	0.8847
4.37	0.876328
4.38	0.874884
4.39	0.87605
4.4	0.875932
4.41	0.87777
4.42	0.881143
4.43	0.886156
4.44	0.884662
4.45	0.884872
4.46	0.885625
4.47	0.880785
4.48	0.876248
4.49	0.873936
4.5	0.873665
4.51	0.8743
4.52	0.877174
4.53	0.87718
4.54	0.876617
4.55	0.873872
4.56	0.87578
4.57	0.876859
4.58	0.878159
4.59	0.883568
4.6	0.886729
4.61	0.884668
4.62	0.879312
4.63	0.875593
4.64	0.874974
4.65	0.874908
4.66	0.875254
4.67	0.875618
4.68	0.872665
4.69	0.871535
4.7	0.874833
4.71	0.873729
4.72	0.874046
4.73	0.875031
4.74	0.875437
4.75	0.879198
4.76	0.876038
4.77	0.873827
4.78	0.869602
4.79	0.866816
4.8	0.866043
4.81	0.868529
4.82	0.870296
4.83	0.874267
4.84	0.8773
4.85	0.878133
4.86	0.880301
4.87	0.878846
4.88	0.87947
4.89	0.873938
4.9	0.866716
4.91	0.867961
4.92	0.867474
4.93	0.866081
4.94	0.865742
4.95	0.868845
4.96	0.871697
4.97	0.872283
4.98	0.870172
4.99	0.867492
5	0.865747
5.01	0.869399
5.02	0.872781
5.03	0.874209
5.04	0.873761
5.05	0.868466
5.06	0.869052
5.07	0.871235
5.08	0.870858
5.09	0.87043
5.1	0.877592
5.11	0.874794
5.12	0.873032
5.13	0.870333
5.14	0.86946
5.15	0.871515
5.16	0.87059
5.17	0.87297
5.18	0.876588
5.19	0.87553
5.2	0.873863
5.21	0.87318
5.22	0.875872
5.23	0.873485
5.24	0.870179
5.25	0.866205
5.26	0.865952
5.27	0.864442
5.28	0.864536
5.29	0.868133
5.3	0.872277
5.31	0.875916
5.32	0.876255
5.33	0.875183
5.34	0.873017
5.35	0.876722
5.36	0.875347
5.37	0.876662
5.38	0.876818
5.39	0.878052
5.4	0.878191
5.41	0.878679
5.42	0.881248
5.43	0.883818
5.44	0.880128
5.45	0.876306
5.46	0.874642
5.47	0.872931
5.48	0.869367
5.49	0.867619
5.5	0.864881
5.51	0.864316
5.52	0.862162
5.53	0.863364
5.54	0.865881
5.55	0.865851
5.56	0.865061
5.57	0.864226
5.58	0.862842
5.59	0.861154
5.6	0.863581
5.61	0.866563
5.62	0.866392
5.63	0.865679
5.64	0.864986
5.65	0.869132
5.66	0.879067
5.67	0.882534
5.68	0.883032
5.69	0.882305
5.7	0.877995
5.71	0.874956
5.72	0.872133
5.73	0.873662
5.74	0.869747
5.75	0.873459
5.76	0.874407
5.77	0.868123
5.78	0.866422
5.79	0.868287
5.8	0.866798
5.81	0.864315
5.82	0.865733
5.83	0.866616
5.84	0.869334
5.85	0.8696
5.86	0.870621
5.87	0.871085
5.88	0.868075
5.89	0.864846
5.9	0.868194
5.91	0.87077
5.92	0.871947
5.93	0.873371
5.94	0.873288
5.95	0.871569
5.96	0.870807
5.97	0.868468
5.98	0.86604
5.99	0.863407
6	0.864915
6.01	0.86366
6.02	0.863099
6.03	0.862908
6.04	0.863651
6.05	0.863461
6.06	0.86615
6.07	0.868003
6.08	0.862835
6.09	0.868857
6.1	0.86989
6.11	0.866956
6.12	0.867772
6.13	0.869098
6.14	0.868856
6.15	0.869114
6.16	0.868909
6.17	0.86461
6.18	0.862915
6.19	0.862713
6.2	0.862459
6.21	0.863984
6.22	0.862301
6.23	0.858495
6.24	0.859535
6.25	0.861431
6.26	0.867348
6.27	0.8699
6.28	0.868219
6.29	0.87038
6.3	0.87214
6.31	0.87107
6.32	0.869361
6.33	0.867611
6.34	0.866644
6.35	0.86691
6.36	0.86634
6.37	0.865139
6.38	0.863411
6.39	0.862485
6.4	0.860642
6.41	0.860022
6.42	0.863136
6.43	0.866697
6.44	0.868761
6.45	0.87209
6.46	0.872951
6.47	0.869475
6.48	0.862947
6.49	0.858961
6.5	0.858892
6.51	0.8571
6.52	0.856531
6.53	0.859797
6.54	0.862771
6.55	0.864293
6.56	0.864087
6.57	0.864945
6.58	0.868663
6.59	0.866867
6.6	0.866159
6.61	0.86302
6.62	0.86342
6.63	0.86397
6.64	0.863956
6.65	0.863062
6.66	0.86275
6.67	0.862915
6.68	0.865214
6.69	0.865337
6.7	0.863436
6.71	0.864236
6.72	0.863597
6.73	0.86014
6.74	0.858192
6.75	0.857076
6.76	0.857312
6.77	0.857439
6.78	0.85861
6.79	0.858273
6.8	0.860103
6.81	0.859927
6.82	0.858338
6.83	0.857754
6.84	0.857537
6.85	0.857565
6.86	0.857038
6.87	0.857918
6.88	0.860508
6.89	0.862828
6.9	0.86336
6.91	0.865991
6.92	0.86452
6.93	0.862377
6.94	0.861621
6.95	0.860966
6.96	0.861185
6.97	0.862571
6.98	0.858433
6.99	0.856907
7	0.856751
7.01	0.857698
7.02	0.858636
7.03	0.860391
7.04	0.859669
7.05	0.858284
7.06	0.86077
7.07	0.859663
7.08	0.862271
7.09	0.863179
7.1	0.860688
7.11	0.861739
7.12	0.862776
7.13	0.864248
7.14	0.863944
7.15	0.861294
7.16	0.860671
7.17	0.861203
7.18	0.860195
7.19	0.857283
7.2	0.855815
7.21	0.854369
7.22	0.853325
7.23	0.854779
7.24	0.85583
7.25	0.854972
7.26	0.852636
7.27	0.852569
7.28	0.853866
7.29	0.852901
7.3	0.852829
7.31	0.852125
7.32	0.851948
7.33	0.852609
7.34	0.851736
7.35	0.851786
7.36	0.852633
7.37	0.853827
7.38	0.854032
7.39	0.851754
7.4	0.851339
7.41	0.853981
7.42	0.854323
7.43	0.855871
7.44	0.856851
7.45	0.857502
7.46	0.856278
7.47	0.856288
7.48	0.855096
7.49	0.854234
7.5	0.853195
7.51	0.855195
7.52	0.856313
7.53	0.856237
7.54	0.858076
7.55	0.858968
7.56	0.858428
7.57	0.858268
7.58	0.85727
7.59	0.856153
7.6	0.85367
7.61	0.85373
7.62	0.854532
7.63	0.853675
7.64	0.852643
7.65	0.852499
7.66	0.852007
7.67	0.851534
7.68	0.851623
7.69	0.851941
7.7	0.852879
7.71	0.853335
7.72	0.853349
7.73	0.852029
7.74	0.852352
7.75	0.855684
7.76	0.856353
7.77	0.857595
7.78	0.859061
7.79	0.859526
7.8	0.859191
7.81	0.858607
7.82	0.859058
7.83	0.859147
7.84	0.859461
7.85	0.857981
7.86	0.858893
7.87	0.857659
7.88	0.857007
7.89	0.855169
7.9	0.854497
7.91	0.852087
7.92	0.852124
7.93	0.851042
7.94	0.850373
7.95	0.854758
7.96	0.856728
7.97	0.855165
7.98	0.855178
7.99	0.855185
8	0.85611
8.01	0.855904
8.02	0.856315
8.03	0.855788
8.04	0.850168
8.05	0.848302
8.06	0.8516
8.07	0.851239
8.08	0.852452
8.09	0.855047
8.1	0.855565
8.11	0.855813
8.12	0.855712
8.13	0.856496
8.14	0.858052
8.15	0.86109
8.16	0.862052
8.17	0.861769
8.18	0.862865
8.19	0.862205
8.2	0.860514
8.21	0.85946
8.22	0.857941
8.23	0.857148
8.24	0.858483
8.25	0.858735
8.26	0.856512
8.27	0.856101
8.28	0.855713
8.29	0.854481
8.3	0.854939
8.31	0.855549
8.32	0.854704
8.33	0.855843
8.34	0.857125
8.35	0.857041
8.36	0.856816
8.37	0.856509
8.38	0.854993
8.39	0.854573
8.4	0.854366
8.41	0.854017
8.42	0.854524
8.43	0.858247
8.44	0.858471
8.45	0.857256
8.46	0.854937
8.47	0.855325
8.48	0.855724
8.49	0.854946
8.5	0.853862
8.51	0.850775
8.52	0.851022
8.53	0.853197
8.54	0.8555
8.55	0.857643
8.56	0.860178
8.57	0.858386
8.58	0.855164
8.59	0.854249
8.6	0.855049
8.61	0.855283
8.62	0.85384
8.63	0.852952
8.64	0.852458
8.65	0.853698
8.66	0.85384
8.67	0.853544
8.68	0.853223
8.69	0.852945
8.7	0.855584
8.71	0.855948
8.72	0.857357
8.73	0.856725
8.74	0.855723
8.75	0.855535
8.76	0.854372
8.77	0.853457
8.78	0.854054
8.79	0.855946
8.8	0.854461
8.81	0.852958
8.82	0.85234
8.83	0.85329
8.84	0.853884
8.85	0.853724
8.86	0.854425
8.87	0.853122
8.88	0.85311
8.89	0.854022
8.9	0.853285
8.91	0.852119
8.92	0.849901
8.93	0.850532
8.94	0.852798
8.95	0.852981
8.96	0.852304
8.97	0.85165
8.98	0.852803
8.99	0.856222
9	0.859674
9.01	0.859568
9.02	0.856981
9.03	0.857402
9.04	0.85669
9.05	0.855318
9.06	0.856236
9.07	0.857283
9.08	0.855796
9.09	0.854916
9.1	0.853805
9.11	0.853072
9.12	0.852743
9.13	0.852286
9.14	0.853309
9.15	0.855094
9.16	0.854764
9.17	0.853458
9.18	0.853725
9.19	0.853502
9.2	0.852902
9.21	0.853767
9.22	0.855863
9.23	0.856395
9.24	0.855463
9.25	0.8536
9.26	0.853869
9.27	0.853481
9.28	0.853082
9.29	0.853345
9.3	0.85274
9.31	0.852798
9.32	0.853736
9.33	0.853761
9.34	0.853393
9.35	0.85377
9.36	0.852963
9.37	0.851604
9.38	0.850912
9.39	0.850599
9.4	0.851469
9.41	0.853271
9.42	0.851407
9.43	0.851723
9.44	0.85439
9.45	0.855471
9.46	0.85515
9.47	0.855112
9.48	0.854285
9.49	0.852727
9.5	0.852266
9.51	0.851707
9.52	0.851471
9.53	0.85178
9.54	0.851024
9.55	0.850374
9.56	0.85011
9.57	0.851296
9.58	0.851491
9.59	0.8495
9.6	0.848988
9.61	0.848665
9.62	0.847596
9.63	0.848121
9.64	0.849469
9.65	0.849157
9.66	0.8509
9.67	0.853055
9.68	0.852302
9.69	0.850628
9.7	0.851403
9.71	0.852122
9.72	0.853653
9.73	0.854376
9.74	0.854643
9.75	0.852573
9.76	0.850718
9.77	0.848716
9.78	0.847629
9.79	0.846576
9.8	0.845829
9.81	0.847376
9.82	0.846461
9.83	0.845702
9.84	0.84495
9.85	0.845741
9.86	0.845908
9.87	0.845382
9.88	0.846352
9.89	0.846334
9.9	0.845418
9.91	0.846683
9.92	0.846935
9.93	0.845949
9.94	0.845125
9.95	0.845131
9.96	0.845263
9.97	0.844804
9.98	0.844833
9.99	0.846344
10	0.849021
10.01	0.848999
10.02	0.849053
10.03	0.847726
10.04	0.8469
10.05	0.84749
10.06	0.847198
10.07	0.847559
10.08	0.847797
10.09	0.848334
10.1	0.846786
10.11	0.846918
10.12	0.847694
10.13	0.848193
10.14	0.848857
10.15	0.848245
10.16	0.849157
10.17	0.849722
10.18	0.849551
10.19	0.850322
10.2	0.850774
10.21	0.85025
10.22	0.84876
10.23	0.848949
10.24	0.848582
10.25	0.848195
10.26	0.846878
10.27	0.848658
10.28	0.848413
10.29	0.850861
10.3	0.850902
10.31	0.851013
10.32	0.851236
10.33	0.851874
10.34	0.848891
10.35	0.849043
10.36	0.849656
10.37	0.849727
10.38	0.850181
10.39	0.850659
10.4	0.851503
10.41	0.851176
10.42	0.850746
10.43	0.850743
10.44	0.849477
10.45	0.848503
10.46	0.849498
10.47	0.850065
10.48	0.850895
10.49	0.850625
10.5	0.849819
10.51	0.850051
10.52	0.851275
10.53	0.852474
10.54	0.853343
10.55	0.851605
10.56	0.850007
10.57	0.848624
10.58	0.850204
10.59	0.850323
10.6	0.850352
10.61	0.850625
10.62	0.850809
10.63	0.852015
10.64	0.853328
10.65	0.85448
10.66	0.852588
10.67	0.851245
10.68	0.851722
10.69	0.852508
10.7	0.852172
10.71	0.851712
10.72	0.850875
10.73	0.852196
10.74	0.851607
10.75	0.851488
10.76	0.853717
10.77	0.853104
10.78	0.853313
10.79	0.853264
10.8	0.852405
10.81	0.852233
10.82	0.852937
10.83	0.853041
10.84	0.851419
10.85	0.85048
10.86	0.852252
10.87	0.853935
10.88	0.853089
10.89	0.853048
10.9	0.853751
10.91	0.853419
10.92	0.85188
10.93	0.851489
10.94	0.850248
10.95	0.848047
10.96	0.847277
10.97	0.847127
10.98	0.847197
10.99	0.847512
11	0.847553
11.01	0.847317
11.02	0.847242
11.03	0.848537
11.04	0.849514
11.05	0.849107
11.06	0.849465
11.07	0.849773
11.08	0.849091
11.09	0.847906
11.1	0.849784
11.11	0.851121
11.12	0.851696
11.13	0.851086
11.14	0.851831
11.15	0.851729
11.16	0.850972
11.17	0.851901
11.18	0.850988
11.19	0.849018
11.2	0.849102
11.21	0.849047
11.22	0.84783
11.23	0.848803
11.24	0.848116
11.25	0.847152
11.26	0.848117
11.27	0.847433
11.28	0.845998
11.29	0.846245
11.3	0.84661
11.31	0.846274
11.32	0.845096
11.33	0.8455
11.34	0.846183
11.35	0.845941
11.36	0.845227
11.37	0.845344
11.38	0.846218
11.39	0.846711
11.4	0.84802
11.41	0.847003
11.42	0.84665
11.43	0.846323
11.44	0.846379
11.45	0.847742
11.46	0.849094
11.47	0.849723
11.48	0.849005
11.49	0.848504
11.5	0.84854
11.51	0.851131
11.52	0.851415
11.53	0.851389
11.54	0.851792
11.55	0.850199
11.56	0.849323
11.57	0.850206
11.58	0.850438
11.59	0.849937
11.6	0.850995
11.61	0.850099
11.62	0.847024
11.63	0.846346
11.64	0.846823
11.65	0.84722
11.66	0.847996
11.67	0.847859
11.68	0.847895
11.69	0.846446
11.7	0.845529
11.71	0.844957
11.72	0.844618
11.73	0.845314
11.74	0.845321
11.75	0.845379
11.76	0.846798
11.77	0.846187
11.78	0.845141
11.79	0.84545
11.8	0.846256
11.81	0.846332
11.82	0.846844
11.83	0.847155
11.84	0.847103
11.85	0.848043
11.86	0.84779
11.87	0.847322
11.88	0.847825
11.89	0.848049
11.9	0.848255
11.91	0.848192
11.92	0.84884
11.93	0.850302
11.94	0.849861
11.95	0.849653
11.96	0.850297
11.97	0.849932
11.98	0.851043
11.99	0.851222
12	0.850049
12.01	0.850333
12.02	0.849297
12.03	0.848781
12.04	0.848203
12.05	0.846792
12.06	0.847137
12.07	0.847145
12.08	0.847421
12.09	0.847677
12.1	0.848251
12.11	0.847871
12.12	0.847767
12.13	0.848693
12.14	0.848354
12.15	0.847777
12.16	0.847954
12.17	0.847499
12.18	0.846069
12.19	0.846381
12.2	0.846586
12.21	0.846795
12.22	0.847436
12.23	0.848641
12.24	0.84889
12.25	0.851101
12.26	0.852124
12.27	0.851538
12.28	0.85051
12.29	0.849298
12.3	0.84804
12.31	0.847981
12.32	0.84855
12.33	0.848158
12.34	0.847765
12.35	0.846673
12.36	0.846394
12.37	0.846013
12.38	0.846258
12.39	0.846891
12.4	0.848142
12.41	0.848529
12.42	0.848168
12.43	0.846347
12.44	0.846194
12.45	0.846366
12.46	0.846787
12.47	0.846889
12.48	0.846354
12.49	0.846053
12.5	0.845906
12.51	0.846448
12.52	0.845553
12.53	0.845502
12.54	0.846768
12.55	0.845824
12.56	0.846388
12.57	0.846221
12.58	0.8454
12.59	0.844895
12.6	0.84559
12.61	0.845268
12.62	0.845733
12.63	0.845742
12.64	0.846192
12.65	0.848304
12.66	0.848884
12.67	0.850671
12.68	0.850208
12.69	0.850822
12.7	0.85039
12.71	0.849665
12.72	0.848713
12.73	0.847389
12.74	0.847129
12.75	0.845976
12.76	0.846006
12.77	0.844957
12.78	0.844281
12.79	0.844274
12.8	0.844908
12.81	0.846085
12.82	0.845713
12.83	0.844248
12.84	0.844913
12.85	0.84602
12.86	0.847011
12.87	0.846499
12.88	0.846511
12.89	0.846802
12.9	0.847261
12.91	0.847702
12.92	0.848294
12.93	0.848247
12.94	0.848185
12.95	0.848813
12.96	0.849088
12.97	0.848165
12.98	0.846864
12.99	0.845038
13	0.845057
13.01	0.845729
13.02	0.846009
13.03	0.846386
13.04	0.845162
13.05	0.843839
13.06	0.843657
13.07	0.844424
13.08	0.844982
13.09	0.845256
13.1	0.845461
13.11	0.847608
13.12	0.848456
13.13	0.846594
13.14	0.846176
13.15	0.846061
13.16	0.84652
13.17	0.846974
13.18	0.845812
13.19	0.845318
13.2	0.846106
13.21	0.848287
13.22	0.848489
13.23	0.847491
13.24	0.848736
13.25	0.849832
13.26	0.850735
13.27	0.850601
13.28	0.849629
13.29	0.849361
13.3	0.848694
13.31	0.847188
13.32	0.847229
13.33	0.848218
13.34	0.849489
13.35	0.849168
13.36	0.848642
13.37	0.848195
13.38	0.848583
13.39	0.848563
13.4	0.849068
13.41	0.850184
13.42	0.852637
13.43	0.854571
13.44	0.855029
13.45	0.853562
13.46	0.851402
13.47	0.850817
13.48	0.849701
13.49	0.849465
13.5	0.850046
13.51	0.849388
13.52	0.849076
13.53	0.848607
13.54	0.848599
13.55	0.84905
13.56	0.850793
13.57	0.851807
13.58	0.851167
13.59	0.849501
13.6	0.850285
13.61	0.850379
13.62	0.849309
13.63	0.847156
13.64	0.846969
13.65	0.846629
13.66	0.846728
13.67	0.846599
13.68	0.84631
13.69	0.845217
13.7	0.84565
13.71	0.847261
13.72	0.846251
13.73	0.84613
13.74	0.84659
13.75	0.846304
13.76	0.845929
13.77	0.846156
13.78	0.847358
13.79	0.847577
13.8	0.84747
13.81	0.847578
13.82	0.847353
13.83	0.846933
13.84	0.847824
13.85	0.846583
13.86	0.844688
13.87	0.843632
13.88	0.843436
13.89	0.844514
13.9	0.844015
13.91	0.844554
13.92	0.843654
13.93	0.842902
13.94	0.842183
13.95	0.843267
13.96	0.844339
13.97	0.844454
13.98	0.843968
13.99	0.843812
14	0.843886
14.01	0.844101
14.02	0.844314
14.03	0.844419
14.04	0.844913
14.05	0.846256
14.06	0.845862
14.07	0.844856
14.08	0.844732
14.09	0.844896
14.1	0.844354
14.11	0.844321
14.12	0.84354
14.13	0.844684
14.14	0.845306
14.15	0.845788
14.16	0.846074
14.17	0.847019
14.18	0.848833
14.19	0.848913
14.2	0.849064
14.21	0.8477
14.22	0.84668
14.23	0.846414
14.24	0.845741
14.25	0.845711
14.26	0.846071
14.27	0.845247
14.28	0.844893
14.29	0.844221
14.3	0.843907
14.31	0.843548
14.32	0.842667
14.33	0.842467
14.34	0.842837
14.35	0.842126
14.36	0.841635
14.37	0.841008
14.38	0.840234
14.39	0.841162
14.4	0.841708
14.41	0.842107
14.42	0.842702
14.43	0.842686
14.44	0.843302
14.45	0.843777
14.46	0.84399
14.47	0.844479
14.48	0.844582
14.49	0.845287
14.5	0.844879
14.51	0.844328
14.52	0.844389
14.53	0.844568
14.54	0.843998
14.55	0.843877
14.56	0.845268
14.57	0.845981
14.58	0.846403
14.59	0.846968
14.6	0.847884
14.61	0.848401
14.62	0.847661
14.63	0.847928
14.64	0.848204
14.65	0.847771
14.66	0.847576
14.67	0.847349
14.68	0.847525
14.69	0.847939
14.7	0.84719
14.71	0.845273
14.72	0.845639
14.73	0.845895
14.74	0.845013
14.75	0.845038
14.76	0.845862
14.77	0.84593
14.78	0.847575
14.79	0.847552
14.8	0.847921
14.81	0.847665
14.82	0.845981
14.83	0.846428
14.84	0.845426
14.85	0.84412
14.86	0.84344
14.87	0.84232
14.88	0.841445
14.89	0.841809
14.9	0.842182
14.91	0.842265
14.92	0.842798
14.93	0.84477
14.94	0.843357
14.95	0.84107
14.96	0.841182
14.97	0.841643
14.98	0.842207
14.99	0.841806
15	0.841445
15.01	0.84091
15.02	0.840768
15.03	0.840909
15.04	0.841098
15.05	0.840767
15.06	0.840408
15.07	0.839957
15.08	0.840509
15.09	0.84044
15.1	0.840846
15.11	0.841599
15.12	0.842754
15.13	0.843049
15.14	0.843166
15.15	0.842482
15.16	0.841178
15.17	0.841186
15.18	0.841186
15.19	0.841906
15.2	0.842349
15.21	0.841523
15.22	0.841548
15.23	0.841807
15.24	0.841347
15.25	0.840822
15.26	0.841763
15.27	0.842412
15.28	0.843015
15.29	0.843269
15.3	0.843061
15.31	0.84372
15.32	0.844627
15.33	0.844627
15.34	0.844106
15.35	0.84408
15.36	0.844619
15.37	0.843055
15.38	0.842274
15.39	0.842586
15.4	0.842635
15.41	0.842549
15.42	0.84262
15.43	0.842178
15.44	0.842248
15.45	0.842972
15.46	0.843202
15.47	0.844458
15.48	0.844604
15.49	0.844696
15.5	0.845251
15.51	0.8453
15.52	0.845753
15.53	0.846351
15.54	0.847159
15.55	0.846663
15.56	0.847013
15.57	0.847274
15.58	0.847186
15.59	0.846694
15.6	0.847065
15.61	0.846818
15.62	0.846663
15.63	0.845139
15.64	0.845464
15.65	0.844806
15.66	0.844226
15.67	0.844142
15.68	0.843964
15.69	0.843864
15.7	0.844771
15.71	0.84579
15.72	0.846045
15.73	0.847382
15.74	0.847406
15.75	0.847298
15.76	0.847697
15.77	0.847832
15.78	0.847593
15.79	0.847454
15.8	0.846797
15.81	0.847246
15.82	0.847194
15.83	0.846927
15.84	0.847743
15.85	0.848036
15.86	0.846926
15.87	0.845944
15.88	0.846293
15.89	0.847136
15.9	0.84685
15.91	0.846496
15.92	0.846543
15.93	0.846075
15.94	0.845635
15.95	0.845788
15.96	0.846265
15.97	0.846292
15.98	0.846941
15.99	0.846203
16	0.846261
16.01	0.84651
16.02	0.846104
16.03	0.846246
16.04	0.844811
16.05	0.844569
16.06	0.844447
16.07	0.843375
16.08	0.842644
16.09	0.842931
16.1	0.843029
16.11	0.843108
16.12	0.843346
16.13	0.842541
16.14	0.843388
16.15	0.843402
16.16	0.84325
16.17	0.843827
16.18	0.844178
16.19	0.844182
16.2	0.844271
16.21	0.845239
16.22	0.845543
16.23	0.845501
16.24	0.846172
16.25	0.846182
16.26	0.846089
16.27	0.846908
16.28	0.8451
16.29	0.84393
16.3	0.843198
16.31	0.842737
16.32	0.843242
16.33	0.84301
16.34	0.843036
16.35	0.84266
16.36	0.84268
16.37	0.84286
16.38	0.843728
16.39	0.844184
16.4	0.84384
16.41	0.843121
16.42	0.842198
16.43	0.843205
16.44	0.844414
16.45	0.845008
16.46	0.844512
16.47	0.844361
16.48	0.845403
16.49	0.845498
16.5	0.844755
16.51	0.843505
16.52	0.842654
16.53	0.842309
16.54	0.841989
16.55	0.842629
16.56	0.843445
16.57	0.843387
16.58	0.843828
16.59	0.843407
16.6	0.843249
16.61	0.844011
16.62	0.844582
16.63	0.845158
16.64	0.845284
16.65	0.844905
16.66	0.844613
16.67	0.84494
16.68	0.844548
16.69	0.844266
16.7	0.845504
16.71	0.845869
16.72	0.846366
16.73	0.847399
16.74	0.847189
16.75	0.844978
16.76	0.843995
16.77	0.842554
16.78	0.84267
16.79	0.842594
16.8	0.842334
16.81	0.841773
16.82	0.841597
16.83	0.841717
16.84	0.841697
16.85	0.841823
16.86	0.842395
16.87	0.841858
16.88	0.841881
16.89	0.842001
16.9	0.842209
16.91	0.842444
16.92	0.842165
16.93	0.841539
16.94	0.841517
16.95	0.841394
16.96	0.841255
16.97	0.84103
16.98	0.841163
16.99	0.841252
17	0.841377
17.01	0.842801
17.02	0.843179
17.03	0.843059
17.04	0.842727
17.05	0.842897
17.06	0.842496
17.07	0.842189
17.08	0.84204
17.09	0.842023
17.1	0.842507
17.11	0.842842
17.12	0.843054
17.13	0.843407
17.14	0.84282
17.15	0.843844
17.16	0.844581
17.17	0.844392
17.18	0.84492
17.19	0.844014
17.2	0.843642
17.21	0.843389
17.22	0.843044
17.23	0.843334
17.24	0.843585
17.25	0.843547
17.26	0.843723
17.27	0.843461
17.28	0.843974
17.29	0.844459
17.3	0.844449
17.31	0.845547
17.32	0.846556
17.33	0.846607
17.34	0.845517
17.35	0.845418
17.36	0.845767
17.37	0.844599
17.38	0.843802
17.39	0.844514
17.4	0.844611
17.41	0.844377
17.42	0.844683
17.43	0.845175
17.44	0.845372
17.45	0.845587
17.46	0.845547
17.47	0.845256
17.48	0.845173
17.49	0.845791
17.5	0.846197
17.51	0.844766
17.52	0.843871
17.53	0.844473
17.54	0.844551
17.55	0.844528
17.56	0.844769
17.57	0.84463
17.58	0.843773
17.59	0.843639
17.6	0.843923
17.61	0.843959
17.62	0.843812
17.63	0.844121
17.64	0.843656
17.65	0.843325
17.66	0.843193
17.67	0.843327
17.68	0.84226
17.69	0.842273
17.7	0.842075
17.71	0.842241
17.72	0.842348
17.73	0.842982
17.74	0.843013
17.75	0.84293
17.76	0.842992
17.77	0.843324
17.78	0.843312
17.79	0.843521
17.8	0.842438
17.81	0.842255
17.82	0.842472
17.83	0.842791
17.84	0.842742
17.85	0.843816
17.86	0.843737
17.87	0.843423
17.88	0.843579
17.89	0.843457
17.9	0.843384
17.91	0.843343
17.92	0.843204
17.93	0.842815
17.94	0.842791
17.95	0.842683
17.96	0.843434
17.97	0.843366
17.98	0.84266
17.99	0.842506
18	0.842511
18.01	0.842906
18.02	0.842772
18.03	0.842734
18.04	0.842368
18.05	0.84243
18.06	0.843167
18.07	0.843992
18.08	0.844712
18.09	0.844708
18.1	0.844987
18.11	0.845827
18.12	0.84546
18.13	0.844791
18.14	0.844752
18.15	0.844863
18.16	0.844298
18.17	0.844116
18.18	0.843321
18.19	0.842803
18.2	0.842958
18.21	0.84359
18.22	0.844321
18.23	0.844324
18.24	0.844056
18.25	0.844472
18.26	0.845254
18.27	0.844472
18.28	0.843917
18.29	0.843043
18.3	0.84177
18.31	0.841552
18.32	0.841306
18.33	0.841344
18.34	0.840997
18.35	0.841343
18.36	0.842535
18.37	0.843639
18.38	0.844519
18.39	0.842744
18.4	0.841987
18.41	0.843008
18.42	0.843557
18.43	0.843951
18.44	0.844116
18.45	0.84474
18.46	0.844924
18.47	0.844735
18.48	0.843721
18.49	0.842545
18.5	0.84234
18.51	0.842621
18.52	0.843256
18.53	0.843484
18.54	0.843276
18.55	0.843263
18.56	0.843772
18.57	0.844158
18.58	0.844465
18.59	0.844508
18.6	0.84489
18.61	0.843876
18.62	0.84296
18.63	0.843269
18.64	0.84266
18.65	0.842207
18.66	0.843398
18.67	0.844029
18.68	0.84395
18.69	0.844569
18.7	0.844861
18.71	0.84465
18.72	0.843889
18.73	0.843902
18.74	0.843257
18.75	0.842449
18.76	0.842191
18.77	0.842315
18.78	0.842317
18.79	0.842255
18.8	0.841813
18.81	0.840998
18.82	0.840674
18.83	0.840796
18.84	0.84043
18.85	0.840402
18.86	0.840533
18.87	0.841248
18.88	0.841699
18.89	0.841988
18.9	0.84192
18.91	0.842263
18.92	0.84205
18.93	0.841229
18.94	0.841313
18.95	0.841997
18.96	0.841672
18.97	0.84173
18.98	0.841851
18.99	0.841541
19	0.841547
19.01	0.84168
19.02	0.842144
19.03	0.842375
19.04	0.84309
19.05	0.843497
19.06	0.843782
19.07	0.843672
19.08	0.842911
19.09	0.842197
19.1	0.841496
19.11	0.841252
19.12	0.841206
19.13	0.84122
19.14	0.840994
19.15	0.840971
19.16	0.840955
19.17	0.840528
19.18	0.840937
19.19	0.840592
19.2	0.840459
19.21	0.841752
19.22	0.842226
19.23	0.842554
19.24	0.843037
19.25	0.842747
19.26	0.842272
19.27	0.841967
19.28	0.841946
19.29	0.842108
19.3	0.84297
19.31	0.843236
19.32	0.843543
19.33	0.843107
19.34	0.842904
19.35	0.843042
19.36	0.842421
19.37	0.842032
19.38	0.841652
19.39	0.841116
19.4	0.840778
19.41	0.84081
19.42	0.840852
19.43	0.841023
19.44	0.840845
19.45	0.840076
19.46	0.839238
19.47	0.839431
19.48	0.839661
19.49	0.839916
19.5	0.840096
19.51	0.84054
19.52	0.839993
19.53	0.839667
19.54	0.84002
19.55	0.840639
19.56	0.841352
19.57	0.841206
19.58	0.841095
19.59	0.841259
19.6	0.841296
19.61	0.840794
19.62	0.840477
19.63	0.840084
19.64	0.839952
19.65	0.840412
19.66	0.841032
19.67	0.840976
19.68	0.841493
19.69	0.842195
19.7	0.842708
19.71	0.842398
19.72	0.842531
19.73	0.842411
19.74	0.842352
19.75	0.841731
19.76	0.841821
19.77	0.842998
19.78	0.843121
19.79	0.842774
19.8	0.842735
19.81	0.842906
19.82	0.843092
19.83	0.843286
19.84	0.843296
19.85	0.843423
19.86	0.843492
19.87	0.843124
19.88	0.842965
19.89	0.843589
19.9	0.844238
19.91	0.843644
19.92	0.842742
19.93	0.842028
19.94	0.842336
19.95	0.84343
19.96	0.84286
19.97	0.842141
19.98	0.841799
19.99	0.84155
20	0.841687
19.99	0.842108
19.98	0.842022
19.97	0.841587
19.96	0.841433
19.95	0.840607
19.94	0.840074
19.93	0.840489
19.92	0.840399
19.91	0.840507
19.9	0.840472
19.89	0.84082
19.88	0.841155
19.87	0.841462
19.86	0.842324
19.85	0.842271
19.84	0.841621
19.83	0.841702
19.82	0.841883
19.81	0.842561
19.8	0.842392
19.79	0.84207
19.78	0.842174
19.77	0.841749
19.76	0.841567
19.75	0.841661
19.74	0.841743
19.73	0.841825
19.72	0.842226
19.71	0.840874
19.7	0.840361
19.69	0.840432
19.68	0.840819
19.67	0.841858
19.66	0.841984
19.65	0.842066
19.64	0.842332
19.63	0.842649
19.62	0.842728
19.61	0.842628
19.6	0.842949
19.59	0.843239
19.58	0.84299
19.57	0.842501
19.56	0.840958
19.55	0.840849
19.54	0.840573
19.53	0.841371
19.52	0.842251
19.51	0.842699
19.5	0.842745
19.49	0.842439
19.48	0.842371
19.47	0.84206
19.46	0.842161
19.45	0.842233
19.44	0.84261
19.43	0.842993
19.42	0.843744
19.41	0.843191
19.4	0.842587
19.39	0.841779
19.38	0.840587
19.37	0.840771
19.36	0.840766
19.35	0.840279
19.34	0.839976
19.33	0.840089
19.32	0.84028
19.31	0.840016
19.3	0.839507
19.29	0.83982
19.28	0.840124
19.27	0.840638
19.26	0.841397
19.25	0.841563
19.24	0.840782
19.23	0.840872
19.22	0.840966
19.21	0.841202
19.2	0.841464
19.19	0.841291
19.18	0.840846
19.17	0.840841
19.16	0.841022
19.15	0.84147
19.14	0.841958
19.13	0.841246
19.12	0.841076
19.11	0.841353
19.1	0.841488
19.09	0.840815
19.08	0.840243
19.07	0.840219
19.06	0.840617
19.05	0.84062
19.04	0.840771
19.03	0.84111
19.02	0.841315
19.01	0.840738
19	0.840453
18.99	0.840329
18.98	0.840254
18.97	0.840278
18.96	0.840169
18.95	0.840408
18.94	0.840636
18.93	0.840485
18.92	0.840769
18.91	0.84073
18.9	0.840542
18.89	0.840293
18.88	0.840508
18.87	0.840366
18.86	0.840881
18.85	0.841323
18.84	0.841151
18.83	0.841382
18.82	0.840878
18.81	0.840986
18.8	0.841103
18.79	0.841548
18.78	0.841875
18.77	0.841086
18.76	0.841153
18.75	0.841624
18.74	0.84208
18.73	0.842282
18.72	0.842028
18.71	0.841678
18.7	0.841954
18.69	0.841698
18.68	0.841869
18.67	0.842818
18.66	0.8431
18.65	0.843017
18.64	0.842363
18.63	0.842856
18.62	0.843167
18.61	0.844053
18.6	0.844239
18.59	0.844105
18.58	0.843916
18.57	0.843134
18.56	0.842212
18.55	0.843226
18.54	0.843086
18.53	0.842214
18.52	0.842091
18.51	0.843376
18.5	0.844086
18.49	0.844705
18.48	0.845198
18.47	0.844573
18.46	0.844055
18.45	0.843412
18.44	0.843206
18.43	0.842278
18.42	0.842069
18.41	0.842782
18.4	0.843527
18.39	0.843062
18.38	0.842232
18.37	0.841763
18.36	0.842601
18.35	0.843259
18.34	0.842863
18.33	0.84171
18.32	0.841128
18.31	0.840868
18.3	0.840538
18.29	0.840587
18.28	0.84062
18.27	0.840539
18.26	0.841064
18.25	0.841228
18.24	0.841501
18.23	0.841686
18.22	0.841683
18.21	0.841654
18.2	0.842114
18.19	0.842484
18.18	0.842928
18.17	0.843415
18.16	0.843153
18.15	0.843015
18.14	0.843065
18.13	0.843449
18.12	0.843688
18.11	0.843626
18.1	0.843253
18.09	0.843244
18.08	0.843183
18.07	0.844174
18.06	0.84522
18.05	0.844838
18.04	0.844264
18.03	0.843949
18.02	0.844186
18.01	0.844443
18	0.84395
17.99	0.844448
17.98	0.844564
17.97	0.844921
17.96	0.846153
17.95	0.846102
17.94	0.845836
17.93	0.845905
17.92	0.845391
17.91	0.845431
17.9	0.844514
17.89	0.844775
17.88	0.844979
17.87	0.84434
17.86	0.844797
17.85	0.845137
17.84	0.845188
17.83	0.845531
17.82	0.845664
17.81	0.845848
17.8	0.846184
17.79	0.846183
17.78	0.846085
17.77	0.84498
17.76	0.844881
17.75	0.845495
17.74	0.845188
17.73	0.845873
17.72	0.845894
17.71	0.84529
17.7	0.846085
17.69	0.845625
17.68	0.845506
17.67	0.845429
17.66	0.845061
17.65	0.844709
17.64	0.844552
17.63	0.844212
17.62	0.84319
17.61	0.84257
17.6	0.842728
17.59	0.843698
17.58	0.843677
17.57	0.843569
17.56	0.844177
17.55	0.843034
17.54	0.842052
17.53	0.842264
17.52	0.84261
17.51	0.842937
17.5	0.842902
17.49	0.843134
17.48	0.842708
17.47	0.842403
17.46	0.842239
17.45	0.842107
17.44	0.841551
17.43	0.841322
17.42	0.840938
17.41	0.841112
17.4	0.84088
17.39	0.840677
17.38	0.840536
17.37	0.839867
17.36	0.840122
17.35	0.839691
17.34	0.839035
17.33	0.838859
17.32	0.839486
17.31	0.839793
17.3	0.840499
17.29	0.841253
17.28	0.840462
17.27	0.840801
17.26	0.841862
17.25	0.841606
17.24	0.84161
17.23	0.841701
17.22	0.841621
17.21	0.841487
17.2	0.841939
17.19	0.841778
17.18	0.84277
17.17	0.84322
17.16	0.843443
17.15	0.843849
17.14	0.843563
17.13	0.844527
17.12	0.84553
17.11	0.847216
17.1	0.846909
17.09	0.847638
17.08	0.847489
17.07	0.846454
17.06	0.846582
17.05	0.84644
17.04	0.845918
17.03	0.845771
17.02	0.84476
17.01	0.844834
17	0.845092
16.99	0.845121
16.98	0.844036
16.97	0.843198
16.96	0.843399
16.95	0.844469
16.94	0.845517
16.93	0.844709
16.92	0.844716
16.91	0.844682
16.9	0.844186
16.89	0.843331
16.88	0.842866
16.87	0.842592
16.86	0.842533
16.85	0.842759
16.84	0.842923
16.83	0.842504
16.82	0.842257
16.81	0.842654
16.8	0.843089
16.79	0.842777
16.78	0.842527
16.77	0.842984
16.76	0.842204
16.75	0.842371
16.74	0.842217
16.73	0.841951
16.72	0.842687
16.71	0.843687
16.7	0.843652
16.69	0.842816
16.68	0.842584
16.67	0.842804
16.66	0.843214
16.65	0.842847
16.64	0.842615
16.63	0.842877
16.62	0.843099
16.61	0.843122
16.6	0.842979
16.59	0.841375
16.58	0.841248
16.57	0.841251
16.56	0.841206
16.55	0.841488
16.54	0.842063
16.53	0.841596
16.52	0.841372
16.51	0.841033
16.5	0.840515
16.49	0.840598
16.48	0.840507
16.47	0.840562
16.46	0.840818
16.45	0.840904
16.44	0.840983
16.43	0.84101
16.42	0.84129
16.41	0.84175
16.4	0.842434
16.39	0.842965
16.38	0.842857
16.37	0.842289
16.36	0.842437
16.35	0.842778
16.34	0.843347
16.33	0.843544
16.32	0.84305
16.31	0.842802
16.3	0.843619
16.29	0.84396
16.28	0.84384
16.27	0.843049
16.26	0.841609
16.25	0.840966
16.24	0.841154
16.23	0.841165
16.22	0.841266
16.21	0.842957
16.2	0.843147
16.19	0.84344
16.18	0.843622
16.17	0.843842
16.16	0.844075
16.15	0.844468
16.14	0.844271
16.13	0.844148
16.12	0.844079
16.11	0.844646
16.1	0.845172
16.09	0.845425
16.08	0.844929
16.07	0.845786
16.06	0.845613
16.05	0.84596
16.04	0.845666
16.03	0.847017
16.02	0.845574
16.01	0.844812
16	0.84369
15.99	0.843906
15.98	0.843768
15.97	0.844524
15.96	0.84551
15.95	0.846105
15.94	0.846969
15.93	0.847435
15.92	0.847795
15.91	0.848293
15.9	0.847419
15.89	0.846204
15.88	0.845969
15.87	0.84633
15.86	0.846518
15.85	0.847182
15.84	0.847267
15.83	0.847111
15.82	0.846472
15.81	0.845799
15.8	0.84441
15.79	0.843462
15.78	0.844314
15.77	0.845023
15.76	0.845717
15.75	0.845307
15.74	0.844786
15.73	0.845049
15.72	0.845892
15.71	0.846739
15.7	0.847104
15.69	0.84736
15.68	0.847482
15.67	0.846967
15.66	0.84654
15.65	0.845953
15.64	0.84543
15.63	0.845505
15.62	0.845868
15.61	0.845441
15.6	0.845346
15.59	0.845157
15.58	0.844641
15.57	0.844803
15.56	0.844874
15.55	0.844655
15.54	0.844703
15.53	0.844216
15.52	0.84373
15.51	0.843677
15.5	0.84321
15.49	0.843133
15.48	0.843115
15.47	0.843052
15.46	0.843261
15.45	0.844121
15.44	0.843257
15.43	0.842823
15.42	0.843059
15.41	0.842805
15.4	0.841854
15.39	0.841465
15.38	0.84209
15.37	0.842748
15.36	0.843255
15.35	0.843153
15.34	0.842791
15.33	0.841837
15.32	0.842466
15.31	0.843053
15.3	0.843412
15.29	0.84435
15.28	0.844571
15.27	0.844475
15.26	0.844129
15.25	0.844422
15.24	0.844534
15.23	0.844363
15.22	0.845612
15.21	0.845462
15.2	0.84467
15.19	0.84447
15.18	0.844525
15.17	0.844829
15.16	0.844806
15.15	0.844269
15.14	0.843852
15.13	0.844045
15.12	0.844424
15.11	0.844796
15.1	0.845085
15.09	0.844878
15.08	0.844557
15.07	0.84389
15.06	0.843765
15.05	0.844077
15.04	0.844139
15.03	0.843657
15.02	0.843453
15.01	0.843219
15	0.843701
14.99	0.843944
14.98	0.844175
14.97	0.844803
14.96	0.8448
14.95	0.84528
14.94	0.845781
14.93	0.845974
14.92	0.846043
14.91	0.844785
14.9	0.843912
14.89	0.843044
14.88	0.843673
14.87	0.844801
14.86	0.844995
14.85	0.844005
14.84	0.844394
14.83	0.844953
14.82	0.845631
14.81	0.844919
14.8	0.844487
14.79	0.84374
14.78	0.843527
14.77	0.843482
14.76	0.843071
14.75	0.842872
14.74	0.842048
14.73	0.841972
14.72	0.842015
14.71	0.842271
14.7	0.842674
14.69	0.842723
14.68	0.842516
14.67	0.842404
14.66	0.842386
14.65	0.842967
14.64	0.842951
14.63	0.842962
14.62	0.844234
14.61	0.844997
14.6	0.845353
14.59	0.845543
14.58	0.845848
14.57	0.84644
14.56	0.847039
14.55	0.847186
14.54	0.846566
14.53	0.84699
14.52	0.846399
14.51	0.846271
14.5	0.8453
14.49	0.845601
14.48	0.845929
14.47	0.845222
14.46	0.845649
14.45	0.846474
14.44	0.846039
14.43	0.846127
14.42	0.846255
14.41	0.846291
14.4	0.844759
14.39	0.843954
14.38	0.843992
14.37	0.843884
14.36	0.843297
14.35	0.841699
14.34	0.842397
14.33	0.842901
14.32	0.844372
14.31	0.845783
14.3	0.845485
14.29	0.844734
14.28	0.843724
14.27	0.843613
14.26	0.84403
14.25	0.844577
14.24	0.844784
14.23	0.846085
14.22	0.846653
14.21	0.845928
14.2	0.84587
14.19	0.845639
14.18	0.845097
14.17	0.845022
14.16	0.84462
14.15	0.84466
14.14	0.844548
14.13	0.844781
14.12	0.844
14.11	0.843761
14.1	0.844245
14.09	0.844435
14.08	0.845239
14.07	0.845189
14.06	0.845714
14.05	0.845613
14.04	0.845664
14.03	0.845455
14.02	0.846896
14.01	0.846019
14	0.845423
13.99	0.845642
13.98	0.84529
13.97	0.844767
13.96	0.844471
13.95	0.844522
13.94	0.843113
13.93	0.844866
13.92	0.845548
13.91	0.84544
13.9	0.845603
13.89	0.845155
13.88	0.845108
13.87	0.84511
13.86	0.845227
13.85	0.845042
13.84	0.845935
13.83	0.846092
13.82	0.846972
13.81	0.84719
13.8	0.848079
13.79	0.848426
13.78	0.84627
13.77	0.84542
13.76	0.84532
13.75	0.844962
13.74	0.845271
13.73	0.846382
13.72	0.847423
13.71	0.846648
13.7	0.845873
13.69	0.844777
13.68	0.844783
13.67	0.844531
13.66	0.844021
13.65	0.844476
13.64	0.844468
13.63	0.843463
13.62	0.843498
13.61	0.843345
13.6	0.844063
13.59	0.843688
13.58	0.843077
13.57	0.84252
13.56	0.841304
13.55	0.84174
13.54	0.84209
13.53	0.843586
13.52	0.842998
13.51	0.843004
13.5	0.842518
13.49	0.842379
13.48	0.84331
13.47	0.844623
13.46	0.845479
13.45	0.845661
13.44	0.845932
13.43	0.845974
13.42	0.845662
13.41	0.845252
13.4	0.845813
13.39	0.847824
13.38	0.85123
13.37	0.85084
13.36	0.849951
13.35	0.848647
13.34	0.848034
13.33	0.847768
13.32	0.847122
13.31	0.846078
13.3	0.844806
13.29	0.843897
13.28	0.843628
13.27	0.842836
13.26	0.842398
13.25	0.842711
13.24	0.843701
13.23	0.843727
13.22	0.844172
13.21	0.84369
13.2	0.843204
13.19	0.843656
13.18	0.844265
13.17	0.843821
13.16	0.843341
13.15	0.843138
13.14	0.842193
13.13	0.842622
13.12	0.842907
13.11	0.841568
13.1	0.84124
13.09	0.841151
13.08	0.841796
13.07	0.84184
13.06	0.84203
13.05	0.841875
13.04	0.841742
13.03	0.842527
13.02	0.842906
13.01	0.843946
13	0.843308
12.99	0.843648
12.98	0.844072
12.97	0.84443
12.96	0.84394
12.95	0.843842
12.94	0.843653
12.93	0.84439
12.92	0.844776
12.91	0.845329
12.9	0.845149
12.89	0.844717
12.88	0.845431
12.87	0.844493
12.86	0.844397
12.85	0.844365
12.84	0.843791
12.83	0.84371
12.82	0.843797
12.81	0.843586
12.8	0.843996
12.79	0.843742
12.78	0.843641
12.77	0.843326
12.76	0.843392
12.75	0.844199
12.74	0.844978
12.73	0.844474
12.72	0.843374
12.71	0.842642
12.7	0.843457
12.69	0.842116
12.68	0.841071
12.67	0.841305
12.66	0.841544
12.65	0.841421
12.64	0.842191
12.63	0.843582
12.62	0.843437
12.61	0.842782
12.6	0.842487
12.59	0.841888
12.58	0.840694
12.57	0.840505
12.56	0.840427
12.55	0.841075
12.54	0.843626
12.53	0.846388
12.52	0.846655
12.51	0.846724
12.5	0.845923
12.49	0.845754
12.48	0.845583
12.47	0.845683
12.46	0.845312
12.45	0.845814
12.44	0.846733
12.43	0.846866
12.42	0.846649
12.41	0.846059
12.4	0.846537
12.39	0.847996
12.38	0.849305
12.37	0.850625
12.36	0.852006
12.35	0.851362
12.34	0.851789
12.33	0.851857
12.32	0.851115
12.31	0.85056
12.3	0.851309
12.29	0.85222
12.28	0.852578
12.27	0.853327
12.26	0.853396
12.25	0.852671
12.24	0.852827
12.23	0.852225
12.22	0.851592
12.21	0.852966
12.2	0.85307
12.19	0.852411
12.18	0.84974
12.17	0.848234
12.16	0.848961
12.15	0.850897
12.14	0.852896
12.13	0.853798
12.12	0.852802
12.11	0.850971
12.1	0.850152
12.09	0.84913
12.08	0.848802
12.07	0.84903
12.06	0.848143
12.05	0.847643
12.04	0.847731
12.03	0.847268
12.02	0.847372
12.01	0.847069
12	0.849135
11.99	0.850037
11.98	0.84814
11.97	0.84791
11.96	0.847541
11.95	0.846794
11.94	0.846686
11.93	0.846659
11.92	0.845796
11.91	0.845765
11.9	0.846061
11.89	0.846289
11.88	0.846346
11.87	0.846275
11.86	0.84734
11.85	0.847592
11.84	0.848035
11.83	0.848044
11.82	0.846967
11.81	0.846406
11.8	0.846299
11.79	0.846503
11.78	0.846834
11.77	0.847154
11.76	0.846477
11.75	0.84635
11.74	0.846217
11.73	0.845899
11.72	0.846419
11.71	0.848612
11.7	0.848647
11.69	0.848132
11.68	0.849417
11.67	0.84982
11.66	0.848109
11.65	0.847573
11.64	0.848208
11.63	0.84951
11.62	0.850757
11.61	0.851843
11.6	0.851225
11.59	0.849933
11.58	0.84938
11.57	0.849669
11.56	0.849834
11.55	0.847673
11.54	0.846739
11.53	0.846254
11.52	0.846624
11.51	0.847582
11.5	0.847635
11.49	0.848264
11.48	0.849088
11.47	0.849056
11.46	0.849236
11.45	0.84914
11.44	0.848884
11.43	0.849621
11.42	0.84901
11.41	0.849537
11.4	0.850163
11.39	0.850091
11.38	0.850901
11.37	0.85091
11.36	0.849709
11.35	0.848916
11.34	0.849688
11.33	0.852398
11.32	0.852506
11.31	0.850774
11.3	0.848245
11.29	0.849165
11.28	0.85053
11.27	0.851578
11.26	0.851363
11.25	0.852794
11.24	0.852799
11.23	0.851534
11.22	0.850507
11.21	0.850644
11.2	0.851895
11.19	0.852327
11.18	0.853344
11.17	0.853705
11.16	0.851123
11.15	0.849962
11.14	0.849938
11.13	0.85
11.12	0.849923
11.11	0.849704
11.1	0.851696
11.09	0.852836
11.08	0.852354
11.07	0.852397
11.06	0.852812
11.05	0.853363
11.04	0.853249
11.03	0.851993
11.02	0.851706
11.01	0.850904
11	0.850689
10.99	0.85283
10.98	0.85334
10.97	0.853084
10.96	0.853429
10.95	0.854163
10.94	0.852362
10.93	0.851236
10.92	0.850264
10.91	0.849519
10.9	0.850196
10.89	0.850457
10.88	0.850573
10.87	0.849053
10.86	0.847113
10.85	0.846854
10.84	0.847999
10.83	0.847165
10.82	0.845717
10.81	0.845287
10.8	0.845307
10.79	0.845082
10.78	0.846018
10.77	0.847676
10.76	0.848376
10.75	0.848266
10.74	0.847727
10.73	0.848501
10.72	0.849697
10.71	0.851695
10.7	0.85246
10.69	0.852443
10.68	0.851555
10.67	0.849952
10.66	0.850207
10.65	0.849828
10.64	0.850146
10.63	0.849823
10.62	0.849627
10.61	0.849666
10.6	0.848975
10.59	0.846719
10.58	0.846706
10.57	0.8468
10.56	0.846573
10.55	0.847299
10.54	0.847748
10.53	0.848926
10.52	0.849795
10.51	0.851503
10.5	0.85125
10.49	0.85005
10.48	0.84908
10.47	0.848297
10.46	0.848424
10.45	0.847971
10.44	0.84742
10.43	0.849375
10.42	0.848797
10.41	0.849376
10.4	0.849721
10.39	0.850335
10.38	0.849166
10.37	0.847812
10.36	0.847674
10.35	0.848926
10.34	0.847949
10.33	0.847264
10.32	0.846107
10.31	0.84612
10.3	0.846887
10.29	0.847299
10.28	0.847755
10.27	0.846696
10.26	0.846229
10.25	0.847376
10.24	0.848716
10.23	0.847986
10.22	0.848046
10.21	0.849917
10.2	0.850202
10.19	0.848701
10.18	0.847192
10.17	0.846998
10.16	0.847868
10.15	0.846677
10.14	0.845491
10.13	0.846503
10.12	0.846484
10.11	0.847287
10.1	0.848378
10.09	0.848659
10.08	0.849113
10.07	0.848141
10.06	0.847566
10.05	0.847486
10.04	0.84793
10.03	0.848057
10.02	0.848662
10.01	0.849056
10	0.849351
9.99	0.84876
9.98	0.849868
9.97	0.850427
9.96	0.851565
9.95	0.851082
9.94	0.85115
9.93	0.853033
9.92	0.85257
9.91	0.851053
9.9	0.850828
9.89	0.849823
9.88	0.849155
9.87	0.849472
9.86	0.850491
9.85	0.851089
9.84	0.852062
9.83	0.85348
9.82	0.853909
9.81	0.854669
9.8	0.854719
9.79	0.853039
9.78	0.851588
9.77	0.852217
9.76	0.852813
9.75	0.854581
9.74	0.853762
9.73	0.854446
9.72	0.854763
9.71	0.854353
9.7	0.853955
9.69	0.854686
9.68	0.855913
9.67	0.856006
9.66	0.855833
9.65	0.856527
9.64	0.857692
9.63	0.859009
9.62	0.857169
9.61	0.85466
9.6	0.854184
9.59	0.855319
9.58	0.854381
9.57	0.854322
9.56	0.85414
9.55	0.852788
9.54	0.851835
9.53	0.852234
9.52	0.8506
9.51	0.850815
9.5	0.850799
9.49	0.849439
9.48	0.851711
9.47	0.850071
9.46	0.849358
9.45	0.851209
9.44	0.852151
9.43	0.853193
9.42	0.85299
9.41	0.852194
9.4	0.852266
9.39	0.853368
9.38	0.852791
9.37	0.851663
9.36	0.851656
9.35	0.852056
9.34	0.852441
9.33	0.853862
9.32	0.851445
9.31	0.850932
9.3	0.8517
9.29	0.850958
9.28	0.852847
9.27	0.853851
9.26	0.850734
9.25	0.848565
9.24	0.847117
9.23	0.847152
9.22	0.85111
9.21	0.852195
9.2	0.851661
9.19	0.851862
9.18	0.850613
9.17	0.85074
9.16	0.850402
9.15	0.849702
9.14	0.849664
9.13	0.849717
9.12	0.850741
9.11	0.853216
9.1	0.852478
9.09	0.8531
9.08	0.852122
9.07	0.853345
9.06	0.854658
9.05	0.855043
9.04	0.853518
9.03	0.852565
9.02	0.853199
9.01	0.852721
9	0.85401
8.99	0.855248
8.98	0.853687
8.97	0.853673
8.96	0.852696
8.95	0.85323
8.94	0.853974
8.93	0.853824
8.92	0.852907
8.91	0.85249
8.9	0.85422
8.89	0.855794
8.88	0.855307
8.87	0.855005
8.86	0.855162
8.85	0.855298
8.84	0.856572
8.83	0.855737
8.82	0.856478
8.81	0.856427
8.8	0.857281
8.79	0.857186
8.78	0.855435
8.77	0.855173
8.76	0.85777
8.75	0.857657
8.74	0.855624
8.73	0.853467
8.72	0.854013
8.71	0.854285
8.7	0.855166
8.69	0.85642
8.68	0.856522
8.67	0.855805
8.66	0.854598
8.65	0.853039
8.64	0.853877
8.63	0.85574
8.62	0.854453
8.61	0.854902
8.6	0.855248
8.59	0.855814
8.58	0.855873
8.57	0.857389
8.56	0.85867
8.55	0.858839
8.54	0.857446
8.53	0.855969
8.52	0.854229
8.51	0.853778
8.5	0.854053
8.49	0.853417
8.48	0.852636
8.47	0.852853
8.46	0.851859
8.45	0.85152
8.44	0.851854
8.43	0.85329
8.42	0.85467
8.41	0.855539
8.4	0.854622
8.39	0.854549
8.38	0.856831
8.37	0.857327
8.36	0.855456
8.35	0.854554
8.34	0.85381
8.33	0.852716
8.32	0.852801
8.31	0.852461
8.3	0.852311
8.29	0.853046
8.28	0.853577
8.27	0.853223
8.26	0.852762
8.25	0.853916
8.24	0.855725
8.23	0.854882
8.22	0.854748
8.21	0.857032
8.2	0.855409
8.19	0.855515
8.18	0.855819
8.17	0.855346
8.16	0.85499
8.15	0.85344
8.14	0.852826
8.13	0.854201
8.12	0.853381
8.11	0.853517
8.1	0.85417
8.09	0.853889
8.08	0.852434
8.07	0.851026
8.06	0.850703
8.05	0.851079
8.04	0.851063
8.03	0.85093
8.02	0.85061
8.01	0.852041
8	0.852163
7.99	0.852329
7.98	0.851608
7.97	0.850508
7.96	0.850725
7.95	0.853421
7.94	0.856732
7.93	0.856987
7.92	0.855788
7.91	0.854599
7.9	0.854603
7.89	0.854965
7.88	0.851523
7.87	0.852965
7.86	0.852353
7.85	0.851051
7.84	0.852892
7.83	0.853008
7.82	0.853903
7.81	0.853556
7.8	0.852924
7.79	0.853208
7.78	0.853812
7.77	0.854315
7.76	0.856394
7.75	0.856119
7.74	0.854452
7.73	0.854308
7.72	0.853726
7.71	0.856524
7.7	0.86099
7.69	0.862175
7.68	0.860597
7.67	0.859624
7.66	0.857799
7.65	0.855968
7.64	0.852962
7.63	0.854525
7.62	0.857523
7.61	0.857437
7.6	0.855978
7.59	0.857378
7.58	0.857988
7.57	0.859079
7.56	0.856591
7.55	0.856594
7.54	0.857275
7.53	0.856742
7.52	0.858749
7.51	0.859458
7.5	0.860724
7.49	0.857456
7.48	0.856055
7.47	0.855818
7.46	0.856711
7.45	0.856874
7.44	0.858067
7.43	0.858512
7.42	0.854836
7.41	0.857473
7.4	0.861313
7.39	0.860754
7.38	0.86138
7.37	0.862715
7.36	0.858659
7.35	0.857606
7.34	0.859478
7.33	0.858126
7.32	0.85555
7.31	0.856778
7.3	0.857936
7.29	0.859807
7.28	0.860305
7.27	0.858316
7.26	0.855934
7.25	0.856867
7.24	0.85765
7.23	0.856624
7.22	0.857258
7.21	0.857511
7.2	0.855846
7.19	0.857381
7.18	0.85803
7.17	0.857903
7.16	0.85762
7.15	0.857663
7.14	0.858424
7.13	0.859974
7.12	0.86262
7.11	0.865448
7.1	0.865879
7.09	0.861638
7.08	0.856767
7.07	0.853115
7.06	0.854936
7.05	0.855917
7.04	0.855376
7.03	0.854049
7.02	0.855387
7.01	0.857439
7	0.85795
6.99	0.857645
6.98	0.857548
6.97	0.859885
6.96	0.861036
6.95	0.85591
6.94	0.855675
6.93	0.858384
6.92	0.856994
6.91	0.85681
6.9	0.856925
6.89	0.85802
6.88	0.856483
6.87	0.858158
6.86	0.861765
6.85	0.86107
6.84	0.859015
6.83	0.86029
6.82	0.861975
6.81	0.862639
6.8	0.862934
6.79	0.862998
6.78	0.86444
6.77	0.861929
6.76	0.861122
6.75	0.857974
6.74	0.858058
6.73	0.857154
6.72	0.857498
6.71	0.857409
6.7	0.857894
6.69	0.859696
6.68	0.86151
6.67	0.86271
6.66	0.861821
6.65	0.863413
6.64	0.863691
6.63	0.862392
6.62	0.861414
6.61	0.862397
6.6	0.862622
6.59	0.861785
6.58	0.864382
6.57	0.867519
6.56	0.864064
6.55	0.862646
6.54	0.864913
6.53	0.861878
6.52	0.86197
6.51	0.860989
6.5	0.863135
6.49	0.864638
6.48	0.860983
6.47	0.858526
6.46	0.857385
6.45	0.855534
6.44	0.857754
6.43	0.857236
6.42	0.856447
6.41	0.857395
6.4	0.855739
6.39	0.853943
6.38	0.857332
6.37	0.863653
6.36	0.869791
6.35	0.868612
6.34	0.864585
6.33	0.860961
6.32	0.859658
6.31	0.86129
6.3	0.861772
6.29	0.862954
6.28	0.863244
6.27	0.862803
6.26	0.863164
6.25	0.862768
6.24	0.861116
6.23	0.86131
6.22	0.860993
6.21	0.86249
6.2	0.867493
6.19	0.868258
6.18	0.866732
6.17	0.867907
6.16	0.869056
6.15	0.867818
6.14	0.868497
6.13	0.866875
6.12	0.86674
6.11	0.868233
6.1	0.869509
6.09	0.869446
6.08	0.869238
6.07	0.868192
6.06	0.864479
6.05	0.866647
6.04	0.873164
6.03	0.867761
6.02	0.868125
6.01	0.866419
6	0.866241
5.99	0.866319
5.98	0.865375
5.97	0.865138
5.96	0.862557
5.95	0.861713
5.94	0.862243
5.93	0.863171
5.92	0.867662
5.91	0.872325
5.9	0.870227
5.89	0.868086
5.88	0.867757
5.87	0.868374
5.86	0.868094
5.85	0.864201
5.84	0.863271
5.83	0.865223
5.82	0.86554
5.81	0.866202
5.8	0.867175
5.79	0.869048
5.78	0.869573
5.77	0.869819
5.76	0.870378
5.75	0.871133
5.74	0.867645
5.73	0.862722
5.72	0.862634
5.71	0.863351
5.7	0.864213
5.69	0.864772
5.68	0.868305
5.67	0.871308
5.66	0.871583
5.65	0.873815
5.64	0.873318
5.63	0.872141
5.62	0.872909
5.61	0.874278
5.6	0.872174
5.59	0.872914
5.58	0.87596
5.57	0.877732
5.56	0.872838
5.55	0.868556
5.54	0.868213
5.53	0.865391
5.52	0.865317
5.51	0.864991
5.5	0.864177
5.49	0.864523
5.48	0.865516
5.47	0.867438
5.46	0.866812
5.45	0.867826
5.44	0.867309
5.43	0.864004
5.42	0.864578
5.41	0.865878
5.4	0.867405
5.39	0.868854
5.38	0.875123
5.37	0.876567
5.36	0.874817
5.35	0.874678
5.34	0.872109
5.33	0.869767
5.32	0.871552
5.31	0.873224
5.3	0.868776
5.29	0.86619
5.28	0.867437
5.27	0.866425
5.26	0.872092
5.25	0.878775
5.24	0.877388
5.23	0.871141
5.22	0.872085
5.21	0.870471
5.2	0.869852
5.19	0.876046
5.18	0.877579
5.17	0.876327
5.16	0.87646
5.15	0.876125
5.14	0.876457
5.13	0.877967
5.12	0.878345
5.11	0.874218
5.1	0.876119
5.09	0.879984
5.08	0.880333
5.07	0.880809
5.06	0.879911
5.05	0.87933
5.04	0.878145
5.03	0.878807
5.02	0.879678
5.01	0.878495
5	0.87863
4.99	0.881891
4.98	0.883529
4.97	0.880604
4.96	0.878243
4.95	0.878973
4.94	0.881118
4.93	0.879864
4.92	0.874644
4.91	0.876146
4.9	0.879055
4.89	0.878884
4.88	0.876815
4.87	0.870813
4.86	0.867299
4.85	0.869314
4.84	0.870215
4.83	0.870669
4.82	0.873847
4.81	0.875561
4.8	0.880998
4.79	0.880927
4.78	0.880031
4.77	0.876748
4.76	0.878801
4.75	0.878299
4.74	0.874654
4.73	0.874368
4.72	0.874281
4.71	0.876156
4.7	0.873046
4.69	0.870379
4.68	0.87367
4.67	0.872578
4.66	0.871553
4.65	0.87419
4.64	0.876664
4.63	0.879548
4.62	0.881393
4.61	0.882768
4.6	0.88218
4.59	0.884941
4.58	0.881452
4.57	0.884157
4.56	0.884049
4.55	0.878505
4.54	0.872987
4.53	0.870866
4.52	0.87177
4.51	0.868662
4.5	0.869363
4.49	0.873517
4.48	0.880645
4.47	0.880495
4.46	0.879915
4.45	0.879259
4.44	0.883126
4.43	0.875347
4.42	0.873258
4.41	0.876832
4.4	0.874007
4.39	0.873806
4.38	0.875973
4.37	0.879035
4.36	0.880894
4.35	0.880912
4.34	0.873671
4.33	0.870631
4.32	0.870411
4.31	0.871094
4.3	0.867384
4.29	0.869749
4.28	0.874939
4.27	0.878381
4.26	0.881759
4.25	0.884233
4.24	0.886098
4.23	0.883552
4.22	0.881176
4.21	0.87718
4.2	0.875465
4.19	0.873523
4.18	0.875157
4.17	0.877967
4.16	0.881952
4.15	0.882742
4.14	0.880905
4.13	0.882476
4.12	0.887159
4.11	0.884911
4.1	0.882045
4.09	0.879498
4.08	0.879052
4.07	0.882915
4.06	0.886856
4.05	0.890497
4.04	0.88592
4.03	0.883553
4.02	0.887448
4.01	0.894095
4	0.895406
3.99	0.901335
3.98	0.903002
3.97	0.895178
3.96	0.896234
3.95	0.894477
3.94	0.890771
3.93	0.891173
3.92	0.887005
3.91	0.890231
3.9	0.900973
3.89	0.9032
3.88	0.900083
3.87	0.898832
3.86	0.89521
3.85	0.892508
3.84	0.895448
3.83	0.890575
3.82	0.885703
3.81	0.888431
3.8	0.891201
3.79	0.886706
3.78	0.881731
3.77	0.878858
3.76	0.883178
3.75	0.887143
3.74	0.887918
3.73	0.891658
3.72	0.891768
3.71	0.896579
3.7	0.906002
3.69	0.907394
3.68	0.914998
3.67	0.92438
3.66	0.925302
3.65	0.913201
3.64	0.904465
3.63	0.908848
3.62	0.90643
3.61	0.906775
3.6	0.913081
3.59	0.909
3.58	0.914926
3.57	0.911426
3.56	0.911296
3.55	0.906874
3.54	0.903433
3.53	0.899867
3.52	0.914548
3.51	0.907516
3.5	0.902803
3.49	0.907223
3.48	0.910348
3.47	0.909903
3.46	0.902163
3.45	0.9014
3.44	0.899255
3.43	0.898067
3.42	0.901308
3.41	0.89732
3.4	0.905039
3.39	0.907938
3.38	0.90829
3.37	0.899369
3.36	0.897092
3.35	0.897904
3.34	0.900034
3.33	0.905408
3.32	0.905803
3.31	0.897206
3.3	0.892818
3.29	0.892906
3.28	0.900571
3.27	0.908472
3.26	0.907069
3.25	0.914793
3.24	0.913503
3.23	0.91963
3.22	0.918704
3.21	0.918853
3.2	0.92717
3.19	0.921734
3.18	0.91188
3.17	0.916141
3.16	0.925014
3.15	0.917074
3.14	0.918886
3.13	0.915954
3.12	0.907813
3.11	0.912721
3.1	0.929038
3.09	0.939366
3.08	0.963464
3.07	0.954583
3.06	0.945858
3.05	0.941642
3.04	0.941978
3.03	0.937256
3.02	0.935931
3.01	0.942792
3	0.947347
2.99	0.938869
2.98	0.941219
2.97	0.947884
2.96	0.948979
2.95	0.938321
2.94	0.945405
2.93	0.948242
2.92	0.955569
2.91	0.951363
2.9	0.95904
2.89	0.958187
2.88	0.947955
2.87	0.939376
2.86	0.939082
2.85	0.950406
2.84	0.949574
2.83	0.947556
2.82	0.942703
2.81	0.932503
2.8	0.930509
2.79	0.943416
2.78	0.942675
2.77	0.93793
2.76	0.936848
2.75	0.934322
2.74	0.938087
2.73	0.936188
2.72	0.9404
2.71	0.930445
2.7	0.920937
2.69	0.922119
2.68	0.930837
2.67	0.93701
2.66	0.944291
2.65	0.937867
2.64	0.946767
2.63	0.948185
2.62	0.947096
2.61	0.955013
2.6	0.940075
2.59	0.934331
2.58	0.940108
2.57	0.936067
2.56	0.938573
2.55	0.927811
2.54	0.918834
2.53	0.912532
2.52	0.924739
2.51	0.934526
2.5	0.943716
2.49	0.930178
2.48	0.945772
2.47	0.957107
2.46	0.950015
2.45	0.939617
2.44	0.935626
2.43	0.940228
2.42	0.944961
2.41	0.947385
2.4	0.956083
2.39	0.952045
2.38	0.94987
2.37	0.95583
2.36	0.947073
2.35	0.964468
2.34	0.96713
2.33	0.977492
2.32	0.969125
2.31	0.965846
2.3	0.97114
2.29	0.989807
2.28	0.9823
2.27	0.966595
2.26	0.968504
2.25	0.966307
2.24	0.970382
2.23	0.959189
2.22	0.959725
2.21	0.962275
2.2	0.969402
2.19	0.962558
2.18	0.963879
2.17	0.972466
2.16	0.974831
2.15	0.959931
2.14	0.955702
2.13	0.973102
2.12	0.969622
2.11	0.961497
2.1	0.95602
2.09	0.94759
2.08	0.950198
2.07	0.962159
2.06	0.976881
2.05	0.966439
2.04	0.957402
2.03	0.957211
2.02	0.963762
2.01	0.972166
2	0.965073
1.99	0.980726
1.98	0.980108
1.97	0.977998
1.96	0.97777
1.95	0.975323
1.94	0.963855
1.93	0.974196
1.92	0.973951
1.91	0.977167
1.9	0.988159
1.89	0.992413
1.88	0.991928
1.87	0.987094
1.86	0.976715
1.85	0.974186
1.84	0.975645
1.83	0.973307
1.82	0.966481
1.81	0.96895
1.8	0.969836
1.79	0.97378
1.78	0.96231
1.77	0.974522
1.76	0.982581
1.75	0.971419
1.74	0.974282
1.73	0.973383
1.72	0.964033
1.71	0.972542
1.7	0.954221
1.69	0.948422
1.68	0.961823
1.67	0.971175
1.66	0.96116
1.65	0.96792
1.64	0.974059
1.63	0.988972
1.62	0.988071
1.61	0.979848
1.6	0.974517
1.59	0.966527
1.58	0.975172
1.57	0.979216
1.56	0.971899
1.55	0.983087
1.54	0.985354
1.53	0.986378
1.52	0.991055
1.51	0.972449
1.5	0.981637
1.49	0.971731
1.48	0.96723
1.47	0.974807
1.46	0.981431
1.45	0.989868
1.44	0.983359
1.43	0.988131
1.42	0.986039
1.41	0.971592
1.4	0.971879
1.39	0.983754
1.38	0.984344
1.37	0.979641
1.36	0.991117
1.35	0.980252
1.34	0.986856
1.33	0.980468
1.32	0.980381
1.31	0.975697
1.3	0.988795
1.29	0.9942
1.28	0.986333
1.27	0.994234
1.26	0.982296
1.25	0.982459
1.24	0.981219
1.23	0.969129
1.22	0.980175
1.21	0.982006
1.2	0.991492
1.19	0.992675
1.18	0.987237
1.17	0.983971
1.16	0.987848
1.15	0.98578
1.14	0.984078
1.13	0.982503
1.12	0.988417
1.11	0.994543
1.1	0.992082
1.09	0.98719
1.08	0.982133
1.07	0.983123
1.06	0.991612
1.05	0.990477
1.04	0.995008
1.03	0.987679
1.02	0.984971
1.01	0.982929
1	0.976863
0.99	0.973606
0.98	0.984582
0.97	0.993476
0.96	0.987934
0.95	0.981806
0.94	0.976882
0.93	0.988575
0.92	0.988624
0.91	0.989502
0.9	0.979389
0.89	0.983122
0.88	0.993444
0.87	0.987771
0.86	0.990258
0.85	0.989762
0.84	0.994472
0.83	0.990704
0.82	0.988635
0.81	0.996187
0.8	0.995333
0.79	0.993136
0.78	0.995368
0.77	0.984246
0.76	0.987912
0.75	0.994709
0.74	0.992601
0.73	0.990627
0.72	0.983919
0.71	0.978916
0.7	0.98989
0.69	0.995572
0.68	0.994923
0.67	0.995783
0.66	0.990504
0.65	0.994283
0.64	0.990762
0.63	0.99044
0.62	0.983478
0.61	0.993293
0.6	0.993535
0.59	0.990761
0.58	0.994657
0.57	0.990993
0.56	0.991639
0.55	0.997872
0.54	0.990959
0.53	0.983689
0.52	0.994566
0.51	0.989205
0.5	0.986792
0.49	0.988097
0.48	0.982291
0.47	0.998036
0.46	0.997311
0.45	0.994229
0.44	0.998154
0.43	0.994351
0.42	0.992596
0.41	0.998923
0.4	0.999801
0.39	0.995371
0.38	0.998278
0.37	1.00128
0.36	0.991728
0.35	0.998516
0.34	0.995088
0.33	1.00111
0.32	0.995506
0.31	0.992971
0.3	0.992816
0.29	0.989649
0.28	0.998177
0.27	0.999748
0.26	1.00263
0.25	0.992533
0.24	1.0004
0.23	1.00094
0.22	0.992096
0.21	1.00016
0.2	0.999816
0.19	0.993891
0.18	0.999797
0.17	0.99999
0.16	1.00047
0.15	0.999436
0.14	0.996758
0.13	1.00174
0.12	0.998457
0.11	1.00297
0.1	1.00219
0.09	0.997672
0.08	0.995575
0.07	0.997638
0.06	0.995249
0.05	0.996103
0.04	0.999123
0.03	1.00483
0.02	0.996836
0.01	0.994918




