0	1.00001
0.01	0.999706
0.02	0.999674
0.03	1.00037
0.04	0.999815
0.05	0.998899
0.06	0.998775
0.07	0.999136
0.08	0.998832
0.09	0.998669
0.1	0.998365
0.11	0.999377
0.12	0.998702
0.13	0.99888
0.14	0.998419
0.15	0.996964
0.16	0.997507
0.17	0.998326
0.18	0.998427
0.19	0.997954
0.2	0.997866
0.21	0.997009
0.22	0.997829
0.23	0.996943
0.24	0.997412
0.25	0.997278
0.26	0.996996
0.27	0.997739
0.28	0.997365
0.29	0.997054
0.3	0.996347
0.31	0.996305
0.32	0.996242
0.33	0.996337
0.34	0.996068
0.35	0.996422
0.36	0.996022
0.37	0.995901
0.38	0.996797
0.39	0.99532
0.4	0.995643
0.41	0.995191
0.42	0.995531
0.43	0.994896
0.44	0.99487
0.45	0.99504
0.46	0.994842
0.47	0.99556
0.48	0.99526
0.49	0.995354
0.5	0.99444
0.51	0.994141
0.52	0.993574
0.53	0.993843
0.54	0.994722
0.55	0.995169
0.56	0.993728
0.57	0.993717
0.58	0.993586
0.59	0.992276
0.6	0.992371
0.61	0.992341
0.62	0.992842
0.63	0.994109
0.64	0.992548
0.65	0.993278
0.66	0.992653
0.67	0.992497
0.68	0.992252
0.69	0.992515
0.7	0.992945
0.71	0.992132
0.72	0.992635
0.73	0.991909
0.74	0.992237
0.75	0.991668
0.76	0.991865
0.77	0.992244
0.78	0.991082
0.79	0.990736
0.8	0.991174
0.81	0.991534
0.82	0.991224
0.83	0.99125
0.84	0.991366
0.85	0.991216
0.86	0.990276
0.87	0.990165
0.88	0.990333
0.89	0.991281
0.9	0.991071
0.91	0.991842
0.92	0.990006
0.93	0.988926
0.94	0.98909
0.95	0.988979
0.96	0.989195
0.97	0.990134
0.98	0.989664
0.99	0.989585
1	0.987941
1.01	0.987576
1.02	0.986891
1.03	0.988343
1.04	0.988966
1.05	0.987248
1.06	0.987768
1.07	0.987618
1.08	0.987212
1.09	0.987297
1.1	0.988398
1.11	0.988469
1.12	0.986762
1.13	0.986971
1.14	0.987142
1.15	0.987738
1.16	0.985663
1.17	0.986837
1.18	0.987025
1.19	0.984964
1.2	0.985339
1.21	0.986231
1.22	0.985862
1.23	0.986486
1.24	0.985771
1.25	0.985022
1.26	0.98461
1.27	0.984701
1.28	0.984412
1.29	0.985379
1.3	0.984139
1.31	0.984108
1.32	0.984563
1.33	0.983075
1.34	0.983841
1.35	0.984015
1.36	0.983973
1.37	0.984276
1.38	0.983291
1.39	0.983489
1.4	0.982821
1.41	0.983715
1.42	0.983135
1.43	0.984107
1.44	0.983664
1.45	0.982065
1.46	0.98147
1.47	0.981694
1.48	0.981833
1.49	0.981598
1.5	0.98192
1.51	0.982163
1.52	0.98017
1.53	0.981484
1.54	0.980105
1.55	0.978511
1.56	0.979746
1.57	0.979699
1.58	0.979753
1.59	0.980362
1.6	0.980135
1.61	0.979796
1.62	0.979668
1.63	0.979623
1.64	0.978912
1.65	0.97942
1.66	0.977222
1.67	0.97663
1.68	0.976481
1.69	0.978321
1.7	0.978515
1.71	0.978907
1.72	0.979353
1.73	0.977779
1.74	0.976454
1.75	0.977448
1.76	0.977548
1.77	0.976945
1.78	0.975781
1.79	0.975516
1.8	0.975771
1.81	0.974895
1.82	0.97474
1.83	0.976213
1.84	0.975913
1.85	0.974932
1.86	0.974013
1.87	0.974537
1.88	0.97358
1.89	0.971478
1.9	0.971397
1.91	0.971906
1.92	0.97277
1.93	0.973647
1.94	0.972807
1.95	0.972173
1.96	0.970467
1.97	0.97019
1.98	0.969098
1.99	0.970309
2	0.971347
2.01	0.969842
2.02	0.970655
2.03	0.970075
2.04	0.969694
2.05	0.968182
2.06	0.968167
2.07	0.967298
2.08	0.967396
2.09	0.967438
2.1	0.967111
2.11	0.96802
2.12	0.968907
2.13	0.968238
2.14	0.96764
2.15	0.965572
2.16	0.964407
2.17	0.964559
2.18	0.965454
2.19	0.96512
2.2	0.963978
2.21	0.964091
2.22	0.964417
2.23	0.964404
2.24	0.963052
2.25	0.96389
2.26	0.964156
2.27	0.962735
2.28	0.961613
2.29	0.960959
2.3	0.96195
2.31	0.961106
2.32	0.960312
2.33	0.960695
2.34	0.961088
2.35	0.961144
2.36	0.960215
2.37	0.961219
2.38	0.961809
2.39	0.960589
2.4	0.959358
2.41	0.958797
2.42	0.957957
2.43	0.9572
2.44	0.956179
2.45	0.956698
2.46	0.957609
2.47	0.958051
2.48	0.959265
2.49	0.958065
2.5	0.957367
2.51	0.956039
2.52	0.954735
2.53	0.9557
2.54	0.956325
2.55	0.956263
2.56	0.955827
2.57	0.955347
2.58	0.955292
2.59	0.955473
2.6	0.955058
2.61	0.953636
2.62	0.95164
2.63	0.949936
2.64	0.950533
2.65	0.952607
2.66	0.950582
2.67	0.949326
2.68	0.94998
2.69	0.949577
2.7	0.949126
2.71	0.948509
2.72	0.947347
2.73	0.947713
2.74	0.94727
2.75	0.946233
2.76	0.945212
2.77	0.945248
2.78	0.944428
2.79	0.944172
2.8	0.943512
2.81	0.942821
2.82	0.943136
2.83	0.942537
2.84	0.9441
2.85	0.942474
2.86	0.942612
2.87	0.940869
2.88	0.940667
2.89	0.941302
2.9	0.940586
2.91	0.939555
2.92	0.940572
2.93	0.940807
2.94	0.939792
2.95	0.938899
2.96	0.937281
2.97	0.936819
2.98	0.937191
2.99	0.936362
3	0.936965
3.01	0.936206
3.02	0.933779
3.03	0.934273
3.04	0.934524
3.05	0.933923
3.06	0.935146
3.07	0.935238
3.08	0.935541
3.09	0.933835
3.1	0.934071
3.11	0.933222
3.12	0.931902
3.13	0.931933
3.14	0.930152
3.15	0.9287
3.16	0.928364
3.17	0.92853
3.18	0.929035
3.19	0.928829
3.2	0.927586
3.21	0.92683
3.22	0.927423
3.23	0.92597
3.24	0.925327
3.25	0.925534
3.26	0.926039
3.27	0.925368
3.28	0.924531
3.29	0.923182
3.3	0.924332
3.31	0.924079
3.32	0.922634
3.33	0.921249
3.34	0.92105
3.35	0.920717
3.36	0.921104
3.37	0.920118
3.38	0.918464
3.39	0.917521
3.4	0.916917
3.41	0.916255
3.42	0.917114
3.43	0.916208
3.44	0.915795
3.45	0.91381
3.46	0.913629
3.47	0.912832
3.48	0.912337
3.49	0.91194
3.5	0.91206
3.51	0.911884
3.52	0.91156
3.53	0.912072
3.54	0.911928
3.55	0.910651
3.56	0.911048
3.57	0.909288
3.58	0.908968
3.59	0.908492
3.6	0.909054
3.61	0.908087
3.62	0.907179
3.63	0.906377
3.64	0.905727
3.65	0.904631
3.66	0.905127
3.67	0.904636
3.68	0.904317
3.69	0.90439
3.7	0.904088
3.71	0.904312
3.72	0.903771
3.73	0.902826
3.74	0.903016
3.75	0.902994
3.76	0.902888
3.77	0.901906
3.78	0.901542
3.79	0.901267
3.8	0.900577
3.81	0.900628
3.82	0.900034
3.83	0.899923
3.84	0.90003
3.85	0.899406
3.86	0.899614
3.87	0.898693
3.88	0.897451
3.89	0.896906
3.9	0.896725
3.91	0.897097
3.92	0.897099
3.93	0.896552
3.94	0.897288
3.95	0.89725
3.96	0.896037
3.97	0.89542
3.98	0.895084
3.99	0.896038
4	0.895695
4.01	0.895461
4.02	0.895084
4.03	0.894549
4.04	0.894283
4.05	0.893399
4.06	0.894488
4.07	0.893506
4.08	0.892491
4.09	0.893345
4.1	0.893247
4.11	0.893108
4.12	0.89292
4.13	0.893384
4.14	0.893177
4.15	0.893406
4.16	0.893128
4.17	0.892797
4.18	0.89263
4.19	0.891847
4.2	0.891749
4.21	0.892056
4.22	0.891761
4.23	0.890636
4.24	0.890575
4.25	0.890194
4.26	0.889703
4.27	0.888524
4.28	0.888669
4.29	0.888494
4.3	0.887811
4.31	0.886842
4.32	0.886776
4.33	0.886084
4.34	0.885923
4.35	0.886008
4.36	0.885927
4.37	0.885974
4.38	0.88503
4.39	0.883717
4.4	0.883337
4.41	0.883827
4.42	0.883852
4.43	0.883452
4.44	0.883783
4.45	0.883347
4.46	0.883067
4.47	0.882633
4.48	0.882725
4.49	0.882808
4.5	0.883586
4.51	0.883198
4.52	0.882565
4.53	0.882014
4.54	0.881987
4.55	0.881687
4.56	0.881837
4.57	0.880804
4.58	0.880429
4.59	0.880849
4.6	0.880644
4.61	0.880076
4.62	0.880283
4.63	0.880144
4.64	0.879502
4.65	0.879403
4.66	0.879557
4.67	0.87933
4.68	0.878822
4.69	0.879413
4.7	0.879859
4.71	0.879546
4.72	0.880323
4.73	0.880274
4.74	0.880178
4.75	0.879662
4.76	0.87908
4.77	0.878942
4.78	0.879148
4.79	0.878881
4.8	0.879724
4.81	0.87969
4.82	0.878646
4.83	0.878251
4.84	0.878342
4.85	0.877634
4.86	0.877
4.87	0.876955
4.88	0.876872
4.89	0.87598
4.9	0.875627
4.91	0.875764
4.92	0.875886
4.93	0.875689
4.94	0.875434
4.95	0.875071
4.96	0.875162
4.97	0.875268
4.98	0.875529
4.99	0.875394
5	0.875022
5.01	0.875352
5.02	0.875514
5.03	0.875705
5.04	0.875577
5.05	0.875955
5.06	0.876037
5.07	0.875995
5.08	0.875268
5.09	0.875452
5.1	0.875261
5.11	0.875195
5.12	0.875248
5.13	0.875314
5.14	0.875231
5.15	0.875727
5.16	0.876113
5.17	0.875937
5.18	0.875584
5.19	0.875509
5.2	0.87525
5.21	0.874933
5.22	0.873643
5.23	0.873422
5.24	0.8733
5.25	0.873203
5.26	0.872876
5.27	0.872271
5.28	0.872382
5.29	0.87276
5.3	0.872133
5.31	0.871976
5.32	0.872133
5.33	0.871682
5.34	0.871858
5.35	0.872345
5.36	0.872263
5.37	0.872417
5.38	0.872255
5.39	0.871501
5.4	0.871562
5.41	0.871422
5.42	0.871554
5.43	0.871536
5.44	0.87159
5.45	0.871512
5.46	0.871628
5.47	0.871659
5.48	0.871768
5.49	0.871923
5.5	0.871633
5.51	0.871142
5.52	0.870702
5.53	0.870953
5.54	0.870512
5.55	0.870215
5.56	0.87036
5.57	0.870033
5.58	0.870374
5.59	0.870401
5.6	0.870601
5.61	0.870058
5.62	0.870444
5.63	0.870691
5.64	0.870427
5.65	0.869861
5.66	0.868991
5.67	0.868856
5.68	0.868881
5.69	0.869102
5.7	0.869112
5.71	0.869188
5.72	0.869285
5.73	0.869513
5.74	0.869181
5.75	0.869306
5.76	0.868929
5.77	0.868652
5.78	0.868925
5.79	0.868659
5.8	0.868226
5.81	0.868231
5.82	0.868145
5.83	0.868106
5.84	0.867811
5.85	0.867946
5.86	0.867694
5.87	0.867511
5.88	0.867399
5.89	0.867154
5.9	0.86679
5.91	0.866592
5.92	0.867024
5.93	0.86727
5.94	0.867113
5.95	0.867355
5.96	0.867519
5.97	0.866886
5.98	0.866587
5.99	0.866156
6	0.866107
6.01	0.866133
6.02	0.866221
6.03	0.866761
6.04	0.866856
6.05	0.866396
6.06	0.866285
6.07	0.865898
6.08	0.865431
6.09	0.865645
6.1	0.865414
6.11	0.865601
6.12	0.865427
6.13	0.865102
6.14	0.864761
6.15	0.864901
6.16	0.864502
6.17	0.864257
6.18	0.864406
6.19	0.864259
6.2	0.863901
6.21	0.863949
6.22	0.863775
6.23	0.863903
6.24	0.864509
6.25	0.864566
6.26	0.864826
6.27	0.864852
6.28	0.864556
6.29	0.864108
6.3	0.863845
6.31	0.863851
6.32	0.864604
6.33	0.864307
6.34	0.864134
6.35	0.864182
6.36	0.864542
6.37	0.864503
6.38	0.864477
6.39	0.864693
6.4	0.864697
6.41	0.864349
6.42	0.864329
6.43	0.864294
6.44	0.864586
6.45	0.864632
6.46	0.864554
6.47	0.863906
6.48	0.86328
6.49	0.863215
6.5	0.863473
6.51	0.863279
6.52	0.863167
6.53	0.863313
6.54	0.863276
6.55	0.863172
6.56	0.863073
6.57	0.863247
6.58	0.8632
6.59	0.862942
6.6	0.86265
6.61	0.862479
6.62	0.862703
6.63	0.863124
6.64	0.862981
6.65	0.863116
6.66	0.86314
6.67	0.862826
6.68	0.862475
6.69	0.862379
6.7	0.862412
6.71	0.862672
6.72	0.862618
6.73	0.862782
6.74	0.862908
6.75	0.862814
6.76	0.862775
6.77	0.862566
6.78	0.862709
6.79	0.862631
6.8	0.862568
6.81	0.862657
6.82	0.862516
6.83	0.8627
6.84	0.863083
6.85	0.8632
6.86	0.86304
6.87	0.862796
6.88	0.862752
6.89	0.862359
6.9	0.862059
6.91	0.861916
6.92	0.862316
6.93	0.862491
6.94	0.862508
6.95	0.862907
6.96	0.863124
6.97	0.863162
6.98	0.862636
6.99	0.862808
7	0.862277
7.01	0.862158
7.02	0.862003
7.03	0.861811
7.04	0.861743
7.05	0.861402
7.06	0.861414
7.07	0.861152
7.08	0.860857
7.09	0.860906
7.1	0.860573
7.11	0.860555
7.12	0.860719
7.13	0.860756
7.14	0.860835
7.15	0.860847
7.16	0.860775
7.17	0.86084
7.18	0.860702
7.19	0.860563
7.2	0.860142
7.21	0.860049
7.22	0.860096
7.23	0.860186
7.24	0.86
7.25	0.860252
7.26	0.86038
7.27	0.860335
7.28	0.860314
7.29	0.8602
7.3	0.860183
7.31	0.860098
7.32	0.860141
7.33	0.859492
7.34	0.858943
7.35	0.858933
7.36	0.859035
7.37	0.859274
7.38	0.859318
7.39	0.859019
7.4	0.859052
7.41	0.85912
7.42	0.858956
7.43	0.858942
7.44	0.85859
7.45	0.858429
7.46	0.858459
7.47	0.858737
7.48	0.859091
7.49	0.858649
7.5	0.858665
7.51	0.859
7.52	0.8588
7.53	0.858368
7.54	0.858345
7.55	0.858414
7.56	0.85832
7.57	0.858642
7.58	0.858471
7.59	0.858212
7.6	0.857762
7.61	0.857865
7.62	0.857827
7.63	0.857783
7.64	0.857704
7.65	0.857642
7.66	0.857967
7.67	0.858025
7.68	0.857781
7.69	0.857746
7.7	0.857865
7.71	0.857987
7.72	0.857968
7.73	0.857949
7.74	0.858217
7.75	0.858149
7.76	0.85838
7.77	0.858803
7.78	0.858258
7.79	0.857995
7.8	0.857926
7.81	0.857922
7.82	0.85763
7.83	0.857672
7.84	0.857764
7.85	0.85805
7.86	0.857927
7.87	0.857754
7.88	0.857884
7.89	0.857717
7.9	0.857616
7.91	0.857895
7.92	0.858198
7.93	0.85824
7.94	0.858318
7.95	0.858433
7.96	0.858498
7.97	0.858775
7.98	0.858405
7.99	0.858247
8	0.858072
8.01	0.857994
8.02	0.857876
8.03	0.857726
8.04	0.857936
8.05	0.857686
8.06	0.857674
8.07	0.857292
8.08	0.857094
8.09	0.857376
8.1	0.857261
8.11	0.857055
8.12	0.856877
8.13	0.856497
8.14	0.856408
8.15	0.856274
8.16	0.856618
8.17	0.856528
8.18	0.856669
8.19	0.856424
8.2	0.856235
8.21	0.85645
8.22	0.856275
8.23	0.85649
8.24	0.856702
8.25	0.856437
8.26	0.856609
8.27	0.856706
8.28	0.856919
8.29	0.856805
8.3	0.856602
8.31	0.856562
8.32	0.856418
8.33	0.856709
8.34	0.856858
8.35	0.85681
8.36	0.856902
8.37	0.857102
8.38	0.857002
8.39	0.856994
8.4	0.856937
8.41	0.856967
8.42	0.856779
8.43	0.856353
8.44	0.856117
8.45	0.85636
8.46	0.856028
8.47	0.85599
8.48	0.855895
8.49	0.855828
8.5	0.855761
8.51	0.855624
8.52	0.855688
8.53	0.855516
8.54	0.855623
8.55	0.855302
8.56	0.855188
8.57	0.855303
8.58	0.855381
8.59	0.85557
8.6	0.855865
8.61	0.855964
8.62	0.855899
8.63	0.855974
8.64	0.855318
8.65	0.854954
8.66	0.85479
8.67	0.854774
8.68	0.854931
8.69	0.85486
8.7	0.854762
8.71	0.854501
8.72	0.854334
8.73	0.854498
8.74	0.854633
8.75	0.854818
8.76	0.854489
8.77	0.854195
8.78	0.854372
8.79	0.854518
8.8	0.854345
8.81	0.854147
8.82	0.854392
8.83	0.854673
8.84	0.854221
8.85	0.854141
8.86	0.854193
8.87	0.854311
8.88	0.854387
8.89	0.854491
8.9	0.854316
8.91	0.854533
8.92	0.854331
8.93	0.85411
8.94	0.854144
8.95	0.854046
8.96	0.853805
8.97	0.853906
8.98	0.854113
8.99	0.854495
9	0.854635
9.01	0.854612
9.02	0.854389
9.03	0.854513
9.04	0.85456
9.05	0.854708
9.06	0.854693
9.07	0.854516
9.08	0.85455
9.09	0.854288
9.1	0.854241
9.11	0.854121
9.12	0.854194
9.13	0.854071
9.14	0.854004
9.15	0.854163
9.16	0.854492
9.17	0.854611
9.18	0.854571
9.19	0.854616
9.2	0.854519
9.21	0.854846
9.22	0.85467
9.23	0.854446
9.24	0.854574
9.25	0.854407
9.26	0.854517
9.27	0.854434
9.28	0.854062
9.29	0.854222
9.3	0.853807
9.31	0.853596
9.32	0.853747
9.33	0.853829
9.34	0.85411
9.35	0.853895
9.36	0.853958
9.37	0.853992
9.38	0.853825
9.39	0.853758
9.4	0.854061
9.41	0.854054
9.42	0.854244
9.43	0.854136
9.44	0.854203
9.45	0.853953
9.46	0.854014
9.47	0.853782
9.48	0.853593
9.49	0.853592
9.5	0.853274
9.51	0.85319
9.52	0.853151
9.53	0.853183
9.54	0.853306
9.55	0.853232
9.56	0.853252
9.57	0.853578
9.58	0.853479
9.59	0.853353
9.6	0.85336
9.61	0.853115
9.62	0.853088
9.63	0.852848
9.64	0.852408
9.65	0.852092
9.66	0.852284
9.67	0.852537
9.68	0.852398
9.69	0.852463
9.7	0.852543
9.71	0.852548
9.72	0.852592
9.73	0.852736
9.74	0.852831
9.75	0.85294
9.76	0.853026
9.77	0.85293
9.78	0.852796
9.79	0.852761
9.8	0.852838
9.81	0.852614
9.82	0.852891
9.83	0.852682
9.84	0.852498
9.85	0.852377
9.86	0.852644
9.87	0.852443
9.88	0.852628
9.89	0.852612
9.9	0.852473
9.91	0.852737
9.92	0.852809
9.93	0.852697
9.94	0.852511
9.95	0.852594
9.96	0.852837
9.97	0.852562
9.98	0.852721
9.99	0.852716
10	0.852395
10.01	0.852427
10.02	0.852483
10.03	0.85248
10.04	0.852553
10.05	0.852995
10.06	0.852938
10.07	0.852803
10.08	0.8528
10.09	0.85263
10.1	0.852591
10.11	0.852527
10.12	0.852589
10.13	0.852132
10.14	0.852078
10.15	0.8522
10.16	0.852297
10.17	0.852404
10.18	0.85242
10.19	0.852326
10.2	0.852088
10.21	0.852294
10.22	0.852092
10.23	0.851937
10.24	0.852058
10.25	0.852103
10.26	0.852042
10.27	0.852185
10.28	0.851983
10.29	0.85194
10.3	0.852018
10.31	0.852093
10.32	0.852116
10.33	0.852129
10.34	0.852116
10.35	0.852225
10.36	0.852155
10.37	0.852168
10.38	0.85191
10.39	0.851689
10.4	0.851534
10.41	0.851524
10.42	0.851338
10.43	0.851162
10.44	0.851271
10.45	0.851566
10.46	0.85142
10.47	0.851019
10.48	0.851022
10.49	0.851231
10.5	0.851171
10.51	0.851165
10.52	0.851197
10.53	0.851222
10.54	0.851085
10.55	0.850747
10.56	0.850873
10.57	0.850788
10.58	0.850881
10.59	0.850974
10.6	0.850961
10.61	0.850968
10.62	0.850983
10.63	0.851439
10.64	0.851322
10.65	0.851369
10.66	0.851641
10.67	0.851637
10.68	0.851565
10.69	0.851599
10.7	0.851687
10.71	0.851655
10.72	0.851622
10.73	0.85171
10.74	0.851431
10.75	0.851297
10.76	0.851203
10.77	0.851199
10.78	0.851379
10.79	0.851377
10.8	0.851149
10.81	0.850989
10.82	0.850861
10.83	0.850682
10.84	0.850455
10.85	0.850647
10.86	0.850676
10.87	0.850889
10.88	0.850959
10.89	0.851099
10.9	0.850837
10.91	0.850803
10.92	0.850577
10.93	0.850515
10.94	0.850515
10.95	0.850612
10.96	0.850583
10.97	0.850376
10.98	0.850219
10.99	0.850369
11	0.850447
11.01	0.850581
11.02	0.850623
11.03	0.850827
11.04	0.851037
11.05	0.851063
11.06	0.851245
11.07	0.851288
11.08	0.851208
11.09	0.851532
11.1	0.851318
11.11	0.851523
11.12	0.851371
11.13	0.851402
11.14	0.851252
11.15	0.851106
11.16	0.851151
11.17	0.851181
11.18	0.851199
11.19	0.851254
11.2	0.851077
11.21	0.851017
11.22	0.850767
11.23	0.85097
11.24	0.850586
11.25	0.850663
11.26	0.850566
11.27	0.850537
11.28	0.850641
11.29	0.850868
11.3	0.850817
11.31	0.85071
11.32	0.851068
11.33	0.850943
11.34	0.850907
11.35	0.850911
11.36	0.850773
11.37	0.850416
11.38	0.850311
11.39	0.850118
11.4	0.850123
11.41	0.850043
11.42	0.849757
11.43	0.850047
11.44	0.849931
11.45	0.849816
11.46	0.849922
11.47	0.849531
11.48	0.849523
11.49	0.849479
11.5	0.849759
11.51	0.849339
11.52	0.849353
11.53	0.849461
11.54	0.849637
11.55	0.849996
11.56	0.849691
11.57	0.849632
11.58	0.849687
11.59	0.849742
11.6	0.849589
11.61	0.849718
11.62	0.849689
11.63	0.849478
11.64	0.849606
11.65	0.849612
11.66	0.849625
11.67	0.849831
11.68	0.849629
11.69	0.849761
11.7	0.849817
11.71	0.849964
11.72	0.850307
11.73	0.850355
11.74	0.850271
11.75	0.850088
11.76	0.850027
11.77	0.850047
11.78	0.850037
11.79	0.849939
11.8	0.849953
11.81	0.849975
11.82	0.850014
11.83	0.849667
11.84	0.84974
11.85	0.849746
11.86	0.849759
11.87	0.849801
11.88	0.849423
11.89	0.849501
11.9	0.849567
11.91	0.849413
11.92	0.849397
11.93	0.849386
11.94	0.849406
11.95	0.849471
11.96	0.849699
11.97	0.849574
11.98	0.849401
11.99	0.849683
12	0.849802
12.01	0.84999
12.02	0.84989
12.03	0.849813
12.04	0.849865
12.05	0.84959
12.06	0.849638
12.07	0.849477
12.08	0.849628
12.09	0.849441
12.1	0.849377
12.11	0.849428
12.12	0.849357
12.13	0.849065
12.14	0.848886
12.15	0.848895
12.16	0.848955
12.17	0.849228
12.18	0.849503
12.19	0.84953
12.2	0.849564
12.21	0.849655
12.22	0.849611
12.23	0.849845
12.24	0.849934
12.25	0.850016
12.26	0.849796
12.27	0.84945
12.28	0.849401
12.29	0.848911
12.3	0.848978
12.31	0.849227
12.32	0.849013
12.33	0.84887
12.34	0.848839
12.35	0.848966
12.36	0.849048
12.37	0.849098
12.38	0.848788
12.39	0.848889
12.4	0.848632
12.41	0.84847
12.42	0.848733
12.43	0.848517
12.44	0.848435
12.45	0.8483
12.46	0.848203
12.47	0.848318
12.48	0.848372
12.49	0.848343
12.5	0.848519
12.51	0.848316
12.52	0.848365
12.53	0.848492
12.54	0.848384
12.55	0.848457
12.56	0.84861
12.57	0.848637
12.58	0.84856
12.59	0.84846
12.6	0.848437
12.61	0.848517
12.62	0.848457
12.63	0.848345
12.64	0.848374
12.65	0.848153
12.66	0.848302
12.67	0.848453
12.68	0.84825
12.69	0.84818
12.7	0.848238
12.71	0.848249
12.72	0.848006
12.73	0.848004
12.74	0.847974
12.75	0.848103
12.76	0.848279
12.77	0.848305
12.78	0.848106
12.79	0.848049
12.8	0.848207
12.81	0.848219
12.82	0.848246
12.83	0.84798
12.84	0.848008
12.85	0.848077
12.86	0.847931
12.87	0.848096
12.88	0.847978
12.89	0.847794
12.9	0.847982
12.91	0.847923
12.92	0.847645
12.93	0.847755
12.94	0.847804
12.95	0.847505
12.96	0.847458
12.97	0.847493
12.98	0.847875
12.99	0.848046
13	0.848027
13.01	0.848106
13.02	0.847981
13.03	0.847744
13.04	0.847837
13.05	0.847794
13.06	0.847547
13.07	0.847514
13.08	0.8476
13.09	0.847472
13.1	0.847354
13.11	0.84745
13.12	0.847344
13.13	0.847624
13.14	0.847519
13.15	0.847603
13.16	0.847894
13.17	0.84792
13.18	0.84779
13.19	0.847696
13.2	0.847624
13.21	0.84769
13.22	0.847693
13.23	0.84774
13.24	0.847734
13.25	0.847949
13.26	0.848028
13.27	0.847885
13.28	0.847784
13.29	0.847818
13.3	0.84798
13.31	0.847934
13.32	0.847675
13.33	0.847734
13.34	0.847623
13.35	0.847826
13.36	0.847653
13.37	0.847604
13.38	0.847719
13.39	0.84769
13.4	0.847931
13.41	0.847729
13.42	0.84786
13.43	0.847938
13.44	0.847758
13.45	0.847691
13.46	0.847802
13.47	0.847781
13.48	0.847664
13.49	0.847786
13.5	0.847901
13.51	0.848088
13.52	0.848018
13.53	0.847965
13.54	0.848049
13.55	0.848046
13.56	0.847734
13.57	0.847788
13.58	0.847849
13.59	0.847638
13.6	0.847544
13.61	0.847336
13.62	0.847124
13.63	0.846944
13.64	0.847119
13.65	0.847072
13.66	0.847157
13.67	0.847344
13.68	0.847157
13.69	0.847392
13.7	0.847355
13.71	0.8475
13.72	0.847392
13.73	0.84734
13.74	0.847265
13.75	0.847213
13.76	0.846984
13.77	0.847051
13.78	0.846965
13.79	0.847016
13.8	0.847047
13.81	0.84697
13.82	0.846913
13.83	0.846912
13.84	0.84686
13.85	0.846909
13.86	0.846727
13.87	0.846954
13.88	0.846765
13.89	0.846813
13.9	0.846696
13.91	0.846849
13.92	0.84698
13.93	0.846721
13.94	0.846705
13.95	0.846826
13.96	0.84686
13.97	0.846832
13.98	0.84678
13.99	0.846788
14	0.846713
14.01	0.846886
14.02	0.846844
14.03	0.846713
14.04	0.846782
14.05	0.846847
14.06	0.846697
14.07	0.846806
14.08	0.8469
14.09	0.846918
14.1	0.846876
14.11	0.846994
14.12	0.846998
14.13	0.847039
14.14	0.846945
14.15	0.847027
14.16	0.846806
14.17	0.846656
14.18	0.846733
14.19	0.846635
14.2	0.846497
14.21	0.846434
14.22	0.846412
14.23	0.846393
14.24	0.84635
14.25	0.846341
14.26	0.84647
14.27	0.846534
14.28	0.846541
14.29	0.846727
14.3	0.846471
14.31	0.846366
14.32	0.846209
14.33	0.846241
14.34	0.846156
14.35	0.846269
14.36	0.846345
14.37	0.846374
14.38	0.846439
14.39	0.846174
14.4	0.846197
14.41	0.846276
14.42	0.845992
14.43	0.846051
14.44	0.846069
14.45	0.846003
14.46	0.846123
14.47	0.846314
14.48	0.846214
14.49	0.846209
14.5	0.846094
14.51	0.846005
14.52	0.845965
14.53	0.846034
14.54	0.846041
14.55	0.846114
14.56	0.846099
14.57	0.8462
14.58	0.846357
14.59	0.846327
14.6	0.846172
14.61	0.846169
14.62	0.846147
14.63	0.84601
14.64	0.84622
14.65	0.846204
14.66	0.846197
14.67	0.84647
14.68	0.846178
14.69	0.846352
14.7	0.846183
14.71	0.846273
14.72	0.84636
14.73	0.846214
14.74	0.846338
14.75	0.846372
14.76	0.846451
14.77	0.846429
14.78	0.846316
14.79	0.846115
14.8	0.846163
14.81	0.846055
14.82	0.846108
14.83	0.846269
14.84	0.846053
14.85	0.846097
14.86	0.846149
14.87	0.846204
14.88	0.846163
14.89	0.846176
14.9	0.846108
14.91	0.845991
14.92	0.845855
14.93	0.845771
14.94	0.845831
14.95	0.845866
14.96	0.845755
14.97	0.845668
14.98	0.845793
14.99	0.845767
15	0.845751
15.01	0.845981
15.02	0.845902
15.03	0.846237
15.04	0.845967
15.05	0.845809
15.06	0.845552
15.07	0.84564
15.08	0.845565
15.09	0.845365
15.1	0.845409
15.11	0.84536
15.12	0.845366
15.13	0.845236
15.14	0.845304
15.15	0.845248
15.16	0.84515
15.17	0.845229
15.18	0.845473
15.19	0.845462
15.2	0.845616
15.21	0.845605
15.22	0.845598
15.23	0.845373
15.24	0.845431
15.25	0.845477
15.26	0.845368
15.27	0.845291
15.28	0.84522
15.29	0.845347
15.3	0.845339
15.31	0.845375
15.32	0.84522
15.33	0.845088
15.34	0.845126
15.35	0.845261
15.36	0.845096
15.37	0.84518
15.38	0.845043
15.39	0.845048
15.4	0.845124
15.41	0.845189
15.42	0.845261
15.43	0.845207
15.44	0.84524
15.45	0.845202
15.46	0.845399
15.47	0.845449
15.48	0.845418
15.49	0.845438
15.5	0.845387
15.51	0.845543
15.52	0.845591
15.53	0.845505
15.54	0.845431
15.55	0.845429
15.56	0.845557
15.57	0.84568
15.58	0.845675
15.59	0.845579
15.6	0.845568
15.61	0.845442
15.62	0.845345
15.63	0.845362
15.64	0.84535
15.65	0.845387
15.66	0.845405
15.67	0.84533
15.68	0.845322
15.69	0.845416
15.7	0.84535
15.71	0.845264
15.72	0.845346
15.73	0.845383
15.74	0.845127
15.75	0.845118
15.76	0.844926
15.77	0.844793
15.78	0.844792
15.79	0.844995
15.8	0.84496
15.81	0.844875
15.82	0.844772
15.83	0.844843
15.84	0.844866
15.85	0.844926
15.86	0.84499
15.87	0.844924
15.88	0.845003
15.89	0.845
15.9	0.845011
15.91	0.845059
15.92	0.845005
15.93	0.845036
15.94	0.845087
15.95	0.845118
15.96	0.845221
15.97	0.845142
15.98	0.845119
15.99	0.845118
16	0.844986
16.01	0.845023
16.02	0.845061
16.03	0.844907
16.04	0.84494
16.05	0.845136
16.06	0.845154
16.07	0.845006
16.08	0.84496
16.09	0.845095
16.1	0.845165
16.11	0.844884
16.12	0.84476
16.13	0.844889
16.14	0.845039
16.15	0.84505
16.16	0.845141
16.17	0.845021
16.18	0.845108
16.19	0.845131
16.2	0.844936
16.21	0.844969
16.22	0.84495
16.23	0.844739
16.24	0.844635
16.25	0.844529
16.26	0.84469
16.27	0.844573
16.28	0.844653
16.29	0.844708
16.3	0.844784
16.31	0.844594
16.32	0.844504
16.33	0.844453
16.34	0.844698
16.35	0.844724
16.36	0.84478
16.37	0.844486
16.38	0.844517
16.39	0.84458
16.4	0.844466
16.41	0.844483
16.42	0.844483
16.43	0.844697
16.44	0.844723
16.45	0.844775
16.46	0.844712
16.47	0.84488
16.48	0.844658
16.49	0.844609
16.5	0.844533
16.51	0.844495
16.52	0.844575
16.53	0.844518
16.54	0.844599
16.55	0.844648
16.56	0.84463
16.57	0.844607
16.58	0.844484
16.59	0.844497
16.6	0.844401
16.61	0.844491
16.62	0.84443
16.63	0.844438
16.64	0.844468
16.65	0.844584
16.66	0.844643
16.67	0.844592
16.68	0.844533
16.69	0.844576
16.7	0.844752
16.71	0.844617
16.72	0.844738
16.73	0.844843
16.74	0.844789
16.75	0.844744
16.76	0.844714
16.77	0.844694
16.78	0.844655
16.79	0.844678
16.8	0.84468
16.81	0.844774
16.82	0.844876
16.83	0.84501
16.84	0.845212
16.85	0.845209
16.86	0.845153
16.87	0.845162
16.88	0.844921
16.89	0.844814
16.9	0.844698
16.91	0.844727
16.92	0.844898
16.93	0.844617
16.94	0.844532
16.95	0.844628
16.96	0.844681
16.97	0.844677
16.98	0.84469
16.99	0.844719
17	0.844622
17.01	0.84462
17.02	0.844537
17.03	0.844424
17.04	0.844449
17.05	0.844513
17.06	0.844552
17.07	0.844632
17.08	0.844568
17.09	0.844407
17.1	0.844515
17.11	0.844535
17.12	0.844762
17.13	0.844572
17.14	0.844617
17.15	0.84454
17.16	0.84454
17.17	0.84454
17.18	0.844341
17.19	0.844299
17.2	0.844286
17.21	0.844116
17.22	0.844106
17.23	0.843992
17.24	0.843891
17.25	0.843921
17.26	0.844062
17.27	0.844044
17.28	0.844134
17.29	0.844013
17.3	0.844014
17.31	0.844181
17.32	0.844189
17.33	0.844324
17.34	0.844094
17.35	0.844087
17.36	0.844115
17.37	0.844036
17.38	0.843989
17.39	0.843969
17.4	0.843943
17.41	0.843957
17.42	0.844004
17.43	0.844214
17.44	0.844358
17.45	0.844053
17.46	0.84415
17.47	0.844113
17.48	0.844168
17.49	0.844259
17.5	0.844094
17.51	0.844216
17.52	0.844239
17.53	0.844208
17.54	0.844233
17.55	0.84419
17.56	0.844135
17.57	0.84413
17.58	0.844098
17.59	0.844196
17.6	0.844171
17.61	0.84407
17.62	0.84417
17.63	0.84435
17.64	0.844295
17.65	0.844384
17.66	0.84416
17.67	0.84403
17.68	0.84406
17.69	0.844007
17.7	0.843866
17.71	0.843835
17.72	0.843843
17.73	0.843768
17.74	0.843881
17.75	0.843908
17.76	0.84383
17.77	0.843942
17.78	0.843927
17.79	0.843901
17.8	0.844041
17.81	0.844019
17.82	0.844178
17.83	0.844128
17.84	0.844076
17.85	0.844132
17.86	0.844127
17.87	0.843925
17.88	0.843911
17.89	0.843972
17.9	0.84383
17.91	0.843926
17.92	0.843863
17.93	0.844112
17.94	0.84396
17.95	0.844034
17.96	0.844156
17.97	0.844211
17.98	0.844238
17.99	0.844149
18	0.84421
18.01	0.844167
18.02	0.844176
18.03	0.844061
18.04	0.843852
18.05	0.843912
18.06	0.843856
18.07	0.843769
18.08	0.843748
18.09	0.843795
18.1	0.843776
18.11	0.843824
18.12	0.843759
18.13	0.843651
18.14	0.84368
18.15	0.843591
18.16	0.84375
18.17	0.843626
18.18	0.843643
18.19	0.843794
18.2	0.84394
18.21	0.843817
18.22	0.843851
18.23	0.843887
18.24	0.843903
18.25	0.843749
18.26	0.843717
18.27	0.843825
18.28	0.843779
18.29	0.84377
18.3	0.843702
18.31	0.843749
18.32	0.843884
18.33	0.843812
18.34	0.843857
18.35	0.843794
18.36	0.843679
18.37	0.843676
18.38	0.843667
18.39	0.843754
18.4	0.843545
18.41	0.843627
18.42	0.843616
18.43	0.84378
18.44	0.843784
18.45	0.843735
18.46	0.843841
18.47	0.843881
18.48	0.843834
18.49	0.843753
18.5	0.843733
18.51	0.843604
18.52	0.843619
18.53	0.843674
18.54	0.84384
18.55	0.843835
18.56	0.843611
18.57	0.843604
18.58	0.843482
18.59	0.843549
18.6	0.84334
18.61	0.843347
18.62	0.8432
18.63	0.843171
18.64	0.843184
18.65	0.843316
18.66	0.843487
18.67	0.843454
18.68	0.843198
18.69	0.84318
18.7	0.843133
18.71	0.84317
18.72	0.843085
18.73	0.84301
18.74	0.842974
18.75	0.843068
18.76	0.843122
18.77	0.84293
18.78	0.842763
18.79	0.842843
18.8	0.842698
18.81	0.842657
18.82	0.842807
18.83	0.842745
18.84	0.842654
18.85	0.842602
18.86	0.842653
18.87	0.842601
18.88	0.842624
18.89	0.842661
18.9	0.842701
18.91	0.842892
18.92	0.842808
18.93	0.842869
18.94	0.842873
18.95	0.842983
18.96	0.842973
18.97	0.842879
18.98	0.842972
18.99	0.842988
19	0.843039
19.01	0.843009
19.02	0.842981
19.03	0.842902
19.04	0.842857
19.05	0.842876
19.06	0.84285
19.07	0.8428
19.08	0.842767
19.09	0.842796
19.1	0.842741
19.11	0.84257
19.12	0.842637
19.13	0.842723
19.14	0.842851
19.15	0.842723
19.16	0.842718
19.17	0.842846
19.18	0.842907
19.19	0.842916
19.2	0.842811
19.21	0.842951
19.22	0.842696
19.23	0.842665
19.24	0.842658
19.25	0.842696
19.26	0.842682
19.27	0.842756
19.28	0.842707
19.29	0.842734
19.3	0.842618
19.31	0.842669
19.32	0.84269
19.33	0.842643
19.34	0.842536
19.35	0.842675
19.36	0.842576
19.37	0.842683
19.38	0.842514
19.39	0.842522
19.4	0.842527
19.41	0.842496
19.42	0.842497
19.43	0.842568
19.44	0.842591
19.45	0.84255
19.46	0.84264
19.47	0.842571
19.48	0.842633
19.49	0.842619
19.5	0.842485
19.51	0.842609
19.52	0.842361
19.53	0.842622
19.54	0.842503
19.55	0.842628
19.56	0.842685
19.57	0.842593
19.58	0.842434
19.59	0.842414
19.6	0.842314
19.61	0.842344
19.62	0.842359
19.63	0.842323
19.64	0.84227
19.65	0.842335
19.66	0.842364
19.67	0.842493
19.68	0.842388
19.69	0.842311
19.7	0.842352
19.71	0.842432
19.72	0.842451
19.73	0.842475
19.74	0.842541
19.75	0.84257
19.76	0.842461
19.77	0.842511
19.78	0.84254
19.79	0.84252
19.8	0.842564
19.81	0.842579
19.82	0.842596
19.83	0.842722
19.84	0.842699
19.85	0.842614
19.86	0.842623
19.87	0.842567
19.88	0.842525
19.89	0.842568
19.9	0.842421
19.91	0.84249
19.92	0.842515
19.93	0.842553
19.94	0.842604
19.95	0.842476
19.96	0.842526
19.97	0.842661
19.98	0.842507
19.99	0.842491
20	0.842559
19.99	0.842514
19.98	0.84242
19.97	0.842384
19.96	0.842341
19.95	0.842353
19.94	0.842407
19.93	0.842464
19.92	0.842527
19.91	0.842558
19.9	0.842533
19.89	0.842449
19.88	0.842417
19.87	0.842434
19.86	0.84237
19.85	0.842507
19.84	0.842633
19.83	0.842924
19.82	0.842866
19.81	0.842824
19.8	0.842763
19.79	0.842739
19.78	0.842675
19.77	0.842637
19.76	0.842633
19.75	0.842673
19.74	0.842658
19.73	0.842575
19.72	0.842625
19.71	0.842573
19.7	0.842558
19.69	0.842515
19.68	0.842555
19.67	0.842476
19.66	0.842484
19.65	0.842423
19.64	0.842369
19.63	0.842422
19.62	0.84242
19.61	0.842501
19.6	0.842319
19.59	0.842243
19.58	0.8424
19.57	0.84247
19.56	0.842729
19.55	0.842521
19.54	0.842797
19.53	0.842692
19.52	0.842815
19.51	0.842642
19.5	0.842549
19.49	0.842543
19.48	0.842498
19.47	0.842474
19.46	0.842425
19.45	0.842374
19.44	0.84242
19.43	0.842326
19.42	0.842381
19.41	0.842442
19.4	0.842501
19.39	0.842489
19.38	0.842756
19.37	0.84261
19.36	0.84262
19.35	0.842599
19.34	0.842671
19.33	0.842738
19.32	0.842743
19.31	0.842616
19.3	0.842603
19.29	0.842599
19.28	0.842576
19.27	0.842731
19.26	0.842723
19.25	0.842678
19.24	0.842604
19.23	0.842565
19.22	0.842538
19.21	0.842471
19.2	0.842595
19.19	0.842531
19.18	0.842625
19.17	0.842591
19.16	0.842561
19.15	0.842536
19.14	0.842605
19.13	0.842604
19.12	0.84258
19.11	0.842523
19.1	0.842567
19.09	0.842766
19.08	0.842761
19.07	0.842792
19.06	0.842904
19.05	0.842971
19.04	0.842993
19.03	0.842868
19.02	0.842869
19.01	0.842902
19	0.842989
18.99	0.842904
18.98	0.842889
18.97	0.842859
18.96	0.84282
18.95	0.842741
18.94	0.842679
18.93	0.842619
18.92	0.842682
18.91	0.842673
18.9	0.842695
18.89	0.842705
18.88	0.842861
18.87	0.842909
18.86	0.842917
18.85	0.842893
18.84	0.842858
18.83	0.842797
18.82	0.842878
18.81	0.842881
18.8	0.842855
18.79	0.842958
18.78	0.84303
18.77	0.842961
18.76	0.843114
18.75	0.842993
18.74	0.842889
18.73	0.842877
18.72	0.842989
18.71	0.843061
18.7	0.842935
18.69	0.842938
18.68	0.842899
18.67	0.842791
18.66	0.842771
18.65	0.842942
18.64	0.842827
18.63	0.842833
18.62	0.842877
18.61	0.842921
18.6	0.842951
18.59	0.842986
18.58	0.843065
18.57	0.843012
18.56	0.842965
18.55	0.843082
18.54	0.843217
18.53	0.843301
18.52	0.843332
18.51	0.843203
18.5	0.84312
18.49	0.843244
18.48	0.843271
18.47	0.843224
18.46	0.843242
18.45	0.84321
18.44	0.843174
18.43	0.843184
18.42	0.843241
18.41	0.843135
18.4	0.843461
18.39	0.843471
18.38	0.843432
18.37	0.843451
18.36	0.8435
18.35	0.843531
18.34	0.843366
18.33	0.843296
18.32	0.843398
18.31	0.843405
18.3	0.843383
18.29	0.843516
18.28	0.843417
18.27	0.84336
18.26	0.843395
18.25	0.84329
18.24	0.84335
18.23	0.843307
18.22	0.843301
18.21	0.84322
18.2	0.843188
18.19	0.843211
18.18	0.843322
18.17	0.843344
18.16	0.843332
18.15	0.843434
18.14	0.843648
18.13	0.843399
18.12	0.843382
18.11	0.843292
18.1	0.8432
18.09	0.843394
18.08	0.843211
18.07	0.843153
18.06	0.843058
18.05	0.843067
18.04	0.842993
18.03	0.84319
18.02	0.84311
18.01	0.843277
18	0.843254
17.99	0.843187
17.98	0.843404
17.97	0.843355
17.96	0.843291
17.95	0.843381
17.94	0.843227
17.93	0.843398
17.92	0.843522
17.91	0.843479
17.9	0.843488
17.89	0.843445
17.88	0.843567
17.87	0.843606
17.86	0.843523
17.85	0.843451
17.84	0.843781
17.83	0.843536
17.82	0.8435
17.81	0.843539
17.8	0.843409
17.79	0.843682
17.78	0.843628
17.77	0.843664
17.76	0.843607
17.75	0.843704
17.74	0.843469
17.73	0.843409
17.72	0.843483
17.71	0.843498
17.7	0.843502
17.69	0.843501
17.68	0.843656
17.67	0.843695
17.66	0.843829
17.65	0.84377
17.64	0.843775
17.63	0.843594
17.62	0.843612
17.61	0.843611
17.6	0.843762
17.59	0.843889
17.58	0.843798
17.57	0.843676
17.56	0.843752
17.55	0.843518
17.54	0.843623
17.53	0.843481
17.52	0.843504
17.51	0.843632
17.5	0.843476
17.49	0.843531
17.48	0.843501
17.47	0.843553
17.46	0.843573
17.45	0.84358
17.44	0.843626
17.43	0.843686
17.42	0.843637
17.41	0.843644
17.4	0.843552
17.39	0.843462
17.38	0.843569
17.37	0.8437
17.36	0.84369
17.35	0.843871
17.34	0.843966
17.33	0.843956
17.32	0.843975
17.31	0.84395
17.3	0.844047
17.29	0.843974
17.28	0.844216
17.27	0.844179
17.26	0.844138
17.25	0.844025
17.24	0.844037
17.23	0.844159
17.22	0.844148
17.21	0.844117
17.2	0.843944
17.19	0.843926
17.18	0.843972
17.17	0.843895
17.16	0.843965
17.15	0.844015
17.14	0.843929
17.13	0.843933
17.12	0.84395
17.11	0.843965
17.1	0.843937
17.09	0.843897
17.08	0.843941
17.07	0.843856
17.06	0.843893
17.05	0.843988
17.04	0.843821
17.03	0.843782
17.02	0.843853
17.01	0.843854
17	0.843934
16.99	0.843845
16.98	0.843835
16.97	0.843746
16.96	0.84368
16.95	0.843604
16.94	0.84373
16.93	0.843766
16.92	0.843901
16.91	0.843972
16.9	0.844004
16.89	0.843938
16.88	0.843925
16.87	0.843906
16.86	0.844035
16.85	0.844097
16.84	0.844083
16.83	0.844037
16.82	0.843959
16.81	0.844061
16.8	0.844062
16.79	0.8441
16.78	0.844138
16.77	0.844125
16.76	0.844171
16.75	0.844289
16.74	0.844307
16.73	0.844386
16.72	0.844457
16.71	0.84449
16.7	0.844361
16.69	0.844338
16.68	0.844237
16.67	0.844245
16.66	0.844096
16.65	0.844192
16.64	0.844245
16.63	0.844288
16.62	0.844041
16.61	0.84406
16.6	0.844017
16.59	0.84402
16.58	0.843893
16.57	0.843909
16.56	0.843967
16.55	0.843943
16.54	0.844041
16.53	0.844306
16.52	0.844136
16.51	0.844195
16.5	0.844191
16.49	0.844321
16.48	0.844234
16.47	0.844239
16.46	0.844157
16.45	0.844378
16.44	0.844552
16.43	0.844548
16.42	0.844578
16.41	0.844597
16.4	0.844607
16.39	0.844568
16.38	0.844596
16.37	0.844521
16.36	0.844661
16.35	0.844686
16.34	0.844508
16.33	0.844368
16.32	0.844481
16.31	0.844667
16.3	0.844715
16.29	0.844556
16.28	0.844524
16.27	0.844607
16.26	0.844607
16.25	0.84463
16.24	0.844736
16.23	0.844531
16.22	0.844546
16.21	0.844582
16.2	0.844561
16.19	0.844436
16.18	0.844571
16.17	0.84475
16.16	0.844741
16.15	0.844782
16.14	0.844932
16.13	0.844961
16.12	0.844711
16.11	0.844824
16.1	0.844944
16.09	0.8451
16.08	0.845001
16.07	0.844947
16.06	0.844872
16.05	0.844738
16.04	0.844637
16.03	0.844622
16.02	0.844621
16.01	0.844684
16	0.84484
15.99	0.844704
15.98	0.844671
15.97	0.844828
15.96	0.844891
15.95	0.844755
15.94	0.844665
15.93	0.844764
15.92	0.844616
15.91	0.844576
15.9	0.844616
15.89	0.844537
15.88	0.844728
15.87	0.844687
15.86	0.844529
15.85	0.844514
15.84	0.844628
15.83	0.844988
15.82	0.845124
15.81	0.844948
15.8	0.845047
15.79	0.845135
15.78	0.845179
15.77	0.845208
15.76	0.845208
15.75	0.845108
15.74	0.845195
15.73	0.845193
15.72	0.845061
15.71	0.845127
15.7	0.844992
15.69	0.845094
15.68	0.845063
15.67	0.845047
15.66	0.845037
15.65	0.844899
15.64	0.844977
15.63	0.844844
15.62	0.84476
15.61	0.84472
15.6	0.844794
15.59	0.844999
15.58	0.845124
15.57	0.845089
15.56	0.845117
15.55	0.845221
15.54	0.845145
15.53	0.845271
15.52	0.845339
15.51	0.845336
15.5	0.845294
15.49	0.845334
15.48	0.845278
15.47	0.845217
15.46	0.845202
15.45	0.845317
15.44	0.845226
15.43	0.84521
15.42	0.845404
15.41	0.845204
15.4	0.845119
15.39	0.845184
15.38	0.845142
15.37	0.845296
15.36	0.845392
15.35	0.845354
15.34	0.845309
15.33	0.845467
15.32	0.845475
15.31	0.84537
15.3	0.84533
15.29	0.845301
15.28	0.845328
15.27	0.845414
15.26	0.845446
15.25	0.84562
15.24	0.845664
15.23	0.845602
15.22	0.845646
15.21	0.845537
15.2	0.845475
15.19	0.845623
15.18	0.845569
15.17	0.845559
15.16	0.845641
15.15	0.845818
15.14	0.845861
15.13	0.845764
15.12	0.845734
15.11	0.84591
15.1	0.845797
15.09	0.845798
15.08	0.84576
15.07	0.845817
15.06	0.845822
15.05	0.845681
15.04	0.84563
15.03	0.845663
15.02	0.845644
15.01	0.845525
15	0.845529
14.99	0.845607
14.98	0.845548
14.97	0.84569
14.96	0.845702
14.95	0.845781
14.94	0.845695
14.93	0.845678
14.92	0.845741
14.91	0.845721
14.9	0.845698
14.89	0.845531
14.88	0.845527
14.87	0.845419
14.86	0.845442
14.85	0.84549
14.84	0.845514
14.83	0.845642
14.82	0.845604
14.81	0.845583
14.8	0.845583
14.79	0.845778
14.78	0.84577
14.77	0.845748
14.76	0.845722
14.75	0.845796
14.74	0.845593
14.73	0.845516
14.72	0.845444
14.71	0.845408
14.7	0.845466
14.69	0.845493
14.68	0.845375
14.67	0.845448
14.66	0.845526
14.65	0.845476
14.64	0.845543
14.63	0.845754
14.62	0.845703
14.61	0.845817
14.6	0.845955
14.59	0.845981
14.58	0.845948
14.57	0.84604
14.56	0.846119
14.55	0.846187
14.54	0.846104
14.53	0.846099
14.52	0.84591
14.51	0.845703
14.5	0.845654
14.49	0.845812
14.48	0.845899
14.47	0.845997
14.46	0.846138
14.45	0.84605
14.44	0.846099
14.43	0.845961
14.42	0.845998
14.41	0.845974
14.4	0.84596
14.39	0.846056
14.38	0.845926
14.37	0.845946
14.36	0.84585
14.35	0.845877
14.34	0.845786
14.33	0.845777
14.32	0.845778
14.31	0.845866
14.3	0.84578
14.29	0.845674
14.28	0.845567
14.27	0.845478
14.26	0.845414
14.25	0.845593
14.24	0.845564
14.23	0.845677
14.22	0.845735
14.21	0.845811
14.2	0.845786
14.19	0.845784
14.18	0.845836
14.17	0.845848
14.16	0.845755
14.15	0.845808
14.14	0.845722
14.13	0.845773
14.12	0.845765
14.11	0.845734
14.1	0.845781
14.09	0.845808
14.08	0.845785
14.07	0.845936
14.06	0.846009
14.05	0.845984
14.04	0.846075
14.03	0.846314
14.02	0.846276
14.01	0.846051
14	0.84612
13.99	0.846044
13.98	0.846124
13.97	0.846113
13.96	0.846146
13.95	0.846309
13.94	0.846289
13.93	0.846331
13.92	0.846402
13.91	0.846436
13.9	0.846307
13.89	0.846357
13.88	0.846391
13.87	0.846053
13.86	0.846056
13.85	0.846092
13.84	0.846232
13.83	0.846201
13.82	0.846052
13.81	0.84593
13.8	0.846019
13.79	0.845877
13.78	0.845877
13.77	0.846031
13.76	0.846138
13.75	0.846199
13.74	0.846307
13.73	0.846347
13.72	0.846447
13.71	0.846658
13.7	0.846539
13.69	0.84657
13.68	0.846575
13.67	0.846589
13.66	0.846596
13.65	0.846707
13.64	0.846705
13.63	0.846631
13.62	0.846817
13.61	0.846992
13.6	0.847155
13.59	0.847063
13.58	0.847094
13.57	0.846986
13.56	0.847128
13.55	0.847064
13.54	0.847085
13.53	0.846779
13.52	0.846814
13.51	0.846732
13.5	0.84655
13.49	0.84662
13.48	0.846389
13.47	0.846532
13.46	0.846512
13.45	0.846572
13.44	0.846529
13.43	0.846424
13.42	0.84665
13.41	0.846521
13.4	0.846633
13.39	0.846871
13.38	0.846745
13.37	0.846754
13.36	0.846691
13.35	0.846662
13.34	0.846623
13.33	0.846539
13.32	0.84656
13.31	0.846611
13.3	0.846554
13.29	0.846532
13.28	0.846485
13.27	0.846416
13.26	0.846394
13.25	0.846466
13.24	0.846578
13.23	0.846579
13.22	0.846557
13.21	0.84677
13.2	0.846875
13.19	0.846904
13.18	0.846922
13.17	0.846853
13.16	0.847007
13.15	0.846876
13.14	0.846962
13.13	0.846791
13.12	0.84695
13.11	0.847132
13.1	0.8471
13.09	0.84701
13.08	0.846979
13.07	0.847161
13.06	0.847155
13.05	0.847094
13.04	0.847106
13.03	0.847098
13.02	0.84717
13.01	0.847202
13	0.847267
12.99	0.847227
12.98	0.847133
12.97	0.846999
12.96	0.846987
12.95	0.847151
12.94	0.847182
12.93	0.847158
12.92	0.847174
12.91	0.84709
12.9	0.847111
12.89	0.847109
12.88	0.847281
12.87	0.847412
12.86	0.847359
12.85	0.847427
12.84	0.847246
12.83	0.847317
12.82	0.847251
12.81	0.847173
12.8	0.84734
12.79	0.847275
12.78	0.847234
12.77	0.847225
12.76	0.846999
12.75	0.847154
12.74	0.847244
12.73	0.847375
12.72	0.84735
12.71	0.847372
12.7	0.847274
12.69	0.847428
12.68	0.847424
12.67	0.847233
12.66	0.847192
12.65	0.847397
12.64	0.847594
12.63	0.847572
12.62	0.847462
12.61	0.847585
12.6	0.847673
12.59	0.847745
12.58	0.847796
12.57	0.84777
12.56	0.847833
12.55	0.84785
12.54	0.84786
12.53	0.84779
12.52	0.847884
12.51	0.847908
12.5	0.847948
12.49	0.847907
12.48	0.848128
12.47	0.848107
12.46	0.847893
12.45	0.847939
12.44	0.84792
12.43	0.847924
12.42	0.84806
12.41	0.847665
12.4	0.847726
12.39	0.847314
12.38	0.847464
12.37	0.847537
12.36	0.847551
12.35	0.847613
12.34	0.847635
12.33	0.847736
12.32	0.848067
12.31	0.848152
12.3	0.847978
12.29	0.848023
12.28	0.848101
12.27	0.848241
12.26	0.848156
12.25	0.848151
12.24	0.847904
12.23	0.847708
12.22	0.847662
12.21	0.847586
12.2	0.84764
12.19	0.847539
12.18	0.847542
12.17	0.847513
12.16	0.847545
12.15	0.847656
12.14	0.847557
12.13	0.847446
12.12	0.847458
12.11	0.847537
12.1	0.847685
12.09	0.84783
12.08	0.848091
12.07	0.848277
12.06	0.848317
12.05	0.848134
12.04	0.848155
12.03	0.848162
12.02	0.848186
12.01	0.848297
12	0.848267
11.99	0.848122
11.98	0.847943
11.97	0.84802
11.96	0.847957
11.95	0.848108
11.94	0.848188
11.93	0.848352
11.92	0.848405
11.91	0.848521
11.9	0.848554
11.89	0.848514
11.88	0.848368
11.87	0.848457
11.86	0.848516
11.85	0.848559
11.84	0.848629
11.83	0.848273
11.82	0.848283
11.81	0.84827
11.8	0.848381
11.79	0.848368
11.78	0.848339
11.77	0.848477
11.76	0.848436
11.75	0.848417
11.74	0.848267
11.73	0.848512
11.72	0.848599
11.71	0.848692
11.7	0.8488
11.69	0.848687
11.68	0.848835
11.67	0.849095
11.66	0.849176
11.65	0.849231
11.64	0.84911
11.63	0.849166
11.62	0.849181
11.61	0.848992
11.6	0.849143
11.59	0.849302
11.58	0.848945
11.57	0.848779
11.56	0.84883
11.55	0.848859
11.54	0.848837
11.53	0.848824
11.52	0.848997
11.51	0.849131
11.5	0.849267
11.49	0.849204
11.48	0.849192
11.47	0.849246
11.46	0.849487
11.45	0.849605
11.44	0.849536
11.43	0.849165
11.42	0.848951
11.41	0.849074
11.4	0.84932
11.39	0.849259
11.38	0.849269
11.37	0.849381
11.36	0.849509
11.35	0.84964
11.34	0.849488
11.33	0.849376
11.32	0.849319
11.31	0.849313
11.3	0.849199
11.29	0.849511
11.28	0.8496
11.27	0.849759
11.26	0.849855
11.25	0.849796
11.24	0.849802
11.23	0.849657
11.22	0.849507
11.21	0.849498
11.2	0.849368
11.19	0.849374
11.18	0.849279
11.17	0.849243
11.16	0.849451
11.15	0.849386
11.14	0.849427
11.13	0.849521
11.12	0.849466
11.11	0.849701
11.1	0.849652
11.09	0.849576
11.08	0.849549
11.07	0.849372
11.06	0.849266
11.05	0.849343
11.04	0.849313
11.03	0.849368
11.02	0.849402
11.01	0.849395
11	0.849424
10.99	0.849122
10.98	0.849133
10.97	0.84915
10.96	0.849294
10.95	0.849309
10.94	0.849409
10.93	0.849662
10.92	0.849556
10.91	0.849483
10.9	0.849428
10.89	0.84955
10.88	0.849746
10.87	0.849616
10.86	0.849775
10.85	0.849821
10.84	0.84992
10.83	0.850108
10.82	0.850346
10.81	0.850099
10.8	0.849916
10.79	0.849774
10.78	0.849838
10.77	0.8496
10.76	0.849559
10.75	0.849719
10.74	0.850072
10.73	0.849929
10.72	0.849973
10.71	0.849964
10.7	0.849986
10.69	0.850054
10.68	0.850265
10.67	0.850402
10.66	0.850286
10.65	0.850214
10.64	0.85013
10.63	0.850093
10.62	0.850166
10.61	0.850237
10.6	0.850131
10.59	0.850103
10.58	0.850399
10.57	0.850208
10.56	0.8504
10.55	0.85055
10.54	0.850624
10.53	0.85083
10.52	0.850798
10.51	0.850959
10.5	0.850991
10.49	0.85101
10.48	0.851103
10.47	0.851031
10.46	0.851018
10.45	0.85099
10.44	0.851092
10.43	0.851063
10.42	0.851076
10.41	0.850819
10.4	0.850775
10.39	0.850647
10.38	0.850536
10.37	0.850653
10.36	0.850666
10.35	0.850805
10.34	0.850618
10.33	0.850577
10.32	0.850528
10.31	0.850694
10.3	0.850645
10.29	0.850659
10.28	0.850796
10.27	0.850909
10.26	0.850927
10.25	0.850848
10.24	0.850689
10.23	0.850736
10.22	0.850587
10.21	0.850719
10.2	0.851012
10.19	0.851033
10.18	0.850706
10.17	0.850665
10.16	0.85065
10.15	0.850727
10.14	0.850778
10.13	0.851144
10.12	0.851327
10.11	0.850996
10.1	0.850837
10.09	0.85061
10.08	0.850608
10.07	0.850679
10.06	0.850665
10.05	0.850714
10.04	0.850825
10.03	0.85108
10.02	0.851072
10.01	0.850798
10	0.850649
9.99	0.850647
9.98	0.850618
9.97	0.850339
9.96	0.850422
9.95	0.850566
9.94	0.8504
9.93	0.850365
9.92	0.850726
9.91	0.850591
9.9	0.850697
9.89	0.851016
9.88	0.851152
9.87	0.851283
9.86	0.851649
9.85	0.851843
9.84	0.851929
9.83	0.852077
9.82	0.851925
9.81	0.851633
9.8	0.851762
9.79	0.85193
9.78	0.851934
9.77	0.851991
9.76	0.852107
9.75	0.851989
9.74	0.851844
9.73	0.85195
9.72	0.851899
9.71	0.852235
9.7	0.852591
9.69	0.852547
9.68	0.852466
9.67	0.852512
9.66	0.852384
9.65	0.852459
9.64	0.852613
9.63	0.852591
9.62	0.852292
9.61	0.852083
9.6	0.851991
9.59	0.852018
9.58	0.852135
9.57	0.85255
9.56	0.852321
9.55	0.852116
9.54	0.851918
9.53	0.85176
9.52	0.851676
9.51	0.851777
9.5	0.851918
9.49	0.852026
9.48	0.852091
9.47	0.851898
9.46	0.851939
9.45	0.852017
9.44	0.852092
9.43	0.852065
9.42	0.851939
9.41	0.852271
9.4	0.852209
9.39	0.852105
9.38	0.851869
9.37	0.852024
9.36	0.852234
9.35	0.852207
9.34	0.852332
9.33	0.852471
9.32	0.85256
9.31	0.852494
9.3	0.852622
9.29	0.852748
9.28	0.852727
9.27	0.852541
9.26	0.852589
9.25	0.852471
9.24	0.852286
9.23	0.852311
9.22	0.852129
9.21	0.852163
9.2	0.852252
9.19	0.852468
9.18	0.852381
9.17	0.852147
9.16	0.852405
9.15	0.852575
9.14	0.852904
9.13	0.852869
9.12	0.853054
9.11	0.853161
9.1	0.853321
9.09	0.85327
9.08	0.853335
9.07	0.853237
9.06	0.85344
9.05	0.853461
9.04	0.853327
9.03	0.853162
9.02	0.853268
9.01	0.853342
9	0.853356
8.99	0.853138
8.98	0.853138
8.97	0.853303
8.96	0.853399
8.95	0.853389
8.94	0.853352
8.93	0.853819
8.92	0.853682
8.91	0.853549
8.9	0.853678
8.89	0.853632
8.88	0.85371
8.87	0.85407
8.86	0.854342
8.85	0.854302
8.84	0.854098
8.83	0.853777
8.82	0.85382
8.81	0.854171
8.8	0.8541
8.79	0.853897
8.78	0.853944
8.77	0.85413
8.76	0.853974
8.75	0.853966
8.74	0.853992
8.73	0.85431
8.72	0.854418
8.71	0.854262
8.7	0.85424
8.69	0.854448
8.68	0.854467
8.67	0.854363
8.66	0.854145
8.65	0.854046
8.64	0.85397
8.63	0.853755
8.62	0.853814
8.61	0.853729
8.6	0.853645
8.59	0.853674
8.58	0.853741
8.57	0.853728
8.56	0.853682
8.55	0.853611
8.54	0.853709
8.53	0.853606
8.52	0.853868
8.51	0.854186
8.5	0.854431
8.49	0.854539
8.48	0.854563
8.47	0.854673
8.46	0.854875
8.45	0.854622
8.44	0.854535
8.43	0.854864
8.42	0.854988
8.41	0.855087
8.4	0.855595
8.39	0.85546
8.38	0.855167
8.37	0.855064
8.36	0.854964
8.35	0.855009
8.34	0.85484
8.33	0.85455
8.32	0.854778
8.31	0.854992
8.3	0.855024
8.29	0.854996
8.28	0.855078
8.27	0.855069
8.26	0.85534
8.25	0.85568
8.24	0.85591
8.23	0.855846
8.22	0.855449
8.21	0.855287
8.2	0.85536
8.19	0.855689
8.18	0.85583
8.17	0.855878
8.16	0.856033
8.15	0.856448
8.14	0.856669
8.13	0.856594
8.12	0.856663
8.11	0.856744
8.1	0.856691
8.09	0.856498
8.08	0.856556
8.07	0.856531
8.06	0.856527
8.05	0.856355
8.04	0.856331
8.03	0.856052
8.02	0.856021
8.01	0.856471
8	0.856468
7.99	0.856389
7.98	0.856089
7.97	0.856036
7.96	0.856324
7.95	0.856722
7.94	0.856821
7.93	0.856743
7.92	0.856669
7.91	0.856585
7.9	0.856453
7.89	0.85662
7.88	0.856867
7.87	0.856847
7.86	0.856845
7.85	0.856701
7.84	0.856605
7.83	0.856863
7.82	0.85688
7.81	0.856839
7.8	0.856892
7.79	0.857095
7.78	0.85706
7.77	0.857205
7.76	0.857261
7.75	0.857613
7.74	0.857532
7.73	0.857398
7.72	0.857655
7.71	0.857889
7.7	0.858038
7.69	0.858207
7.68	0.858262
7.67	0.858234
7.66	0.85809
7.65	0.858159
7.64	0.858159
7.63	0.858146
7.62	0.857823
7.61	0.857993
7.6	0.858021
7.59	0.858112
7.58	0.858123
7.57	0.85815
7.56	0.858257
7.55	0.858206
7.54	0.858377
7.53	0.858212
7.52	0.858425
7.51	0.858347
7.5	0.858552
7.49	0.858672
7.48	0.858604
7.47	0.858316
7.46	0.857971
7.45	0.857892
7.44	0.858264
7.43	0.858488
7.42	0.858595
7.41	0.858205
7.4	0.85827
7.39	0.858095
7.38	0.85804
7.37	0.858058
7.36	0.858434
7.35	0.858917
7.34	0.858991
7.33	0.859225
7.32	0.859082
7.31	0.858911
7.3	0.858893
7.29	0.858928
7.28	0.858677
7.27	0.858757
7.26	0.858945
7.25	0.859295
7.24	0.859529
7.23	0.859616
7.22	0.859572
7.21	0.859273
7.2	0.859075
7.19	0.858849
7.18	0.858772
7.17	0.859066
7.16	0.859174
7.15	0.858741
7.14	0.858786
7.13	0.858539
7.12	0.858494
7.11	0.858682
7.1	0.858717
7.09	0.858925
7.08	0.859045
7.07	0.859158
7.06	0.859472
7.05	0.859686
7.04	0.859526
7.03	0.859404
7.02	0.859797
7.01	0.86006
7	0.859896
6.99	0.859953
6.98	0.860156
6.97	0.860308
6.96	0.860341
6.95	0.860576
6.94	0.860523
6.93	0.859993
6.92	0.859645
6.91	0.859764
6.9	0.859647
6.89	0.859423
6.88	0.85958
6.87	0.859781
6.86	0.859907
6.85	0.859728
6.84	0.859676
6.83	0.859938
6.82	0.859828
6.81	0.860159
6.8	0.860216
6.79	0.860048
6.78	0.859823
6.77	0.859653
6.76	0.859771
6.75	0.860018
6.74	0.860706
6.73	0.860956
6.72	0.860979
6.71	0.860835
6.7	0.860558
6.69	0.860255
6.68	0.860282
6.67	0.860847
6.66	0.861075
6.65	0.861437
6.64	0.86179
6.63	0.861876
6.62	0.86223
6.61	0.862244
6.6	0.862089
6.59	0.861844
6.58	0.861533
6.57	0.861229
6.56	0.861129
6.55	0.861218
6.54	0.861533
6.53	0.861764
6.52	0.861411
6.51	0.861484
6.5	0.861863
6.49	0.862316
6.48	0.8627
6.47	0.86271
6.46	0.862548
6.45	0.862767
6.44	0.862734
6.43	0.862455
6.42	0.862231
6.41	0.861898
6.4	0.862059
6.39	0.862285
6.38	0.862409
6.37	0.862083
6.36	0.86173
6.35	0.861622
6.34	0.861554
6.33	0.861607
6.32	0.861775
6.31	0.862137
6.3	0.862218
6.29	0.862294
6.28	0.862334
6.27	0.86268
6.26	0.86276
6.25	0.862929
6.24	0.86314
6.23	0.863384
6.22	0.863273
6.21	0.863256
6.2	0.863235
6.19	0.863734
6.18	0.864207
6.17	0.864175
6.16	0.864067
6.15	0.86385
6.14	0.863755
6.13	0.863603
6.12	0.86319
6.11	0.863046
6.1	0.863245
6.09	0.863356
6.08	0.863142
6.07	0.862751
6.06	0.862626
6.05	0.862733
6.04	0.863053
6.03	0.863497
6.02	0.863761
6.01	0.864001
6	0.863893
5.99	0.863984
5.98	0.864076
5.97	0.864015
5.96	0.863907
5.95	0.863802
5.94	0.863522
5.93	0.863977
5.92	0.864199
5.91	0.863953
5.9	0.864254
5.89	0.864525
5.88	0.864752
5.87	0.865065
5.86	0.865122
5.85	0.864792
5.84	0.86479
5.83	0.865047
5.82	0.864956
5.81	0.864719
5.8	0.864757
5.79	0.864763
5.78	0.865109
5.77	0.865942
5.76	0.866275
5.75	0.865955
5.74	0.866034
5.73	0.866278
5.72	0.866514
5.71	0.866672
5.7	0.866842
5.69	0.866835
5.68	0.86673
5.67	0.866183
5.66	0.86631
5.65	0.866425
5.64	0.866638
5.63	0.867464
5.62	0.867555
5.61	0.867185
5.6	0.866891
5.59	0.866579
5.58	0.866116
5.57	0.865916
5.56	0.866016
5.55	0.866532
5.54	0.866227
5.53	0.866289
5.52	0.866739
5.51	0.867279
5.5	0.86759
5.49	0.867819
5.48	0.867041
5.47	0.866998
5.46	0.867475
5.45	0.86804
5.44	0.868117
5.43	0.868351
5.42	0.868774
5.41	0.869162
5.4	0.869198
5.39	0.869234
5.38	0.868876
5.37	0.869154
5.36	0.868888
5.35	0.868602
5.34	0.869181
5.33	0.869447
5.32	0.869745
5.31	0.869898
5.3	0.870111
5.29	0.869963
5.28	0.870048
5.27	0.870461
5.26	0.871109
5.25	0.871429
5.24	0.87122
5.23	0.871111
5.22	0.871187
5.21	0.871356
5.2	0.87105
5.19	0.870978
5.18	0.870917
5.17	0.870887
5.16	0.87123
5.15	0.871504
5.14	0.871144
5.13	0.870492
5.12	0.870659
5.11	0.870906
5.1	0.87099
5.09	0.871458
5.08	0.871861
5.07	0.871843
5.06	0.87245
5.05	0.87238
5.04	0.872106
5.03	0.871799
5.02	0.871894
5.01	0.872135
5	0.872069
4.99	0.871764
4.98	0.871493
4.97	0.871756
4.96	0.87146
4.95	0.871211
4.94	0.871496
4.93	0.871827
4.92	0.871951
4.91	0.872029
4.9	0.872997
4.89	0.873836
4.88	0.874318
4.87	0.873807
4.86	0.873109
4.85	0.872717
4.84	0.872702
4.83	0.872885
4.82	0.873323
4.81	0.874663
4.8	0.875184
4.79	0.874672
4.78	0.874298
4.77	0.874539
4.76	0.874153
4.75	0.873399
4.74	0.873513
4.73	0.874177
4.72	0.874116
4.71	0.874123
4.7	0.874505
4.69	0.8747
4.68	0.874983
4.67	0.874601
4.66	0.87438
4.65	0.874441
4.64	0.87491
4.63	0.875262
4.62	0.87543
4.61	0.875307
4.6	0.875961
4.59	0.876455
4.58	0.87654
4.57	0.875912
4.56	0.875699
4.55	0.876279
4.54	0.87601
4.53	0.875776
4.52	0.875261
4.51	0.875175
4.5	0.875851
4.49	0.876474
4.48	0.876545
4.47	0.876814
4.46	0.877026
4.45	0.877733
4.44	0.878188
4.43	0.878512
4.42	0.878838
4.41	0.878967
4.4	0.879287
4.39	0.879814
4.38	0.880035
4.37	0.87994
4.36	0.87972
4.35	0.879795
4.34	0.880093
4.33	0.880335
4.32	0.880151
4.31	0.880506
4.3	0.88064
4.29	0.880876
4.28	0.881462
4.27	0.88152
4.26	0.881542
4.25	0.881356
4.24	0.881453
4.23	0.881645
4.22	0.881574
4.21	0.881872
4.2	0.881966
4.19	0.882448
4.18	0.882626
4.17	0.882889
4.16	0.882662
4.15	0.882951
4.14	0.88312
4.13	0.883852
4.12	0.884318
4.11	0.885169
4.1	0.88497
4.09	0.885605
4.08	0.885729
4.07	0.886079
4.06	0.887451
4.05	0.887904
4.04	0.887714
4.03	0.888363
4.02	0.888498
4.01	0.889385
4	0.889853
3.99	0.889807
3.98	0.88967
3.97	0.889035
3.96	0.888933
3.95	0.889115
3.94	0.890166
3.93	0.890213
3.92	0.89087
3.91	0.891779
3.9	0.891668
3.89	0.891041
3.88	0.892612
3.87	0.894124
3.86	0.893611
3.85	0.893846
3.84	0.894599
3.83	0.895476
3.82	0.89647
3.81	0.896232
3.8	0.896087
3.79	0.89598
3.78	0.897327
3.77	0.898215
3.76	0.898442
3.75	0.898348
3.74	0.897412
3.73	0.897913
3.72	0.898535
3.71	0.89879
3.7	0.899288
3.69	0.899664
3.68	0.899764
3.67	0.899289
3.66	0.899266
3.65	0.899375
3.64	0.898821
3.63	0.899084
3.62	0.899755
3.61	0.901303
3.6	0.901459
3.59	0.901409
3.58	0.902199
3.57	0.90256
3.56	0.902852
3.55	0.902297
3.54	0.903169
3.53	0.904889
3.52	0.903946
3.51	0.903987
3.5	0.905354
3.49	0.906328
3.48	0.906017
3.47	0.905392
3.46	0.905921
3.45	0.906539
3.44	0.90752
3.43	0.908905
3.42	0.909329
3.41	0.91029
3.4	0.909494
3.39	0.908488
3.38	0.908056
3.37	0.908582
3.36	0.910382
3.35	0.910141
3.34	0.91086
3.33	0.910346
3.32	0.909875
3.31	0.910258
3.3	0.910212
3.29	0.911868
3.28	0.912477
3.27	0.91445
3.26	0.91372
3.25	0.913543
3.24	0.914523
3.23	0.91545
3.22	0.915582
3.21	0.916656
3.2	0.919619
3.19	0.919976
3.18	0.920397
3.17	0.921601
3.16	0.922677
3.15	0.922343
3.14	0.922109
3.13	0.922639
3.12	0.923313
3.11	0.923533
3.1	0.923056
3.09	0.924015
3.08	0.924707
3.07	0.925838
3.06	0.9253
3.05	0.926625
3.04	0.927891
3.03	0.927948
3.02	0.928845
3.01	0.928501
3	0.929719
2.99	0.931016
2.98	0.931407
2.97	0.931314
2.96	0.929354
2.95	0.929861
2.94	0.930743
2.93	0.931882
2.92	0.932757
2.91	0.933543
2.9	0.933957
2.89	0.933988
2.88	0.933925
2.87	0.934264
2.86	0.933502
2.85	0.93488
2.84	0.935031
2.83	0.93682
2.82	0.938329
2.81	0.938537
2.8	0.939051
2.79	0.939038
2.78	0.939555
2.77	0.939246
2.76	0.93996
2.75	0.941481
2.74	0.941108
2.73	0.941936
2.72	0.943453
2.71	0.944204
2.7	0.945633
2.69	0.946328
2.68	0.945614
2.67	0.945178
2.66	0.944741
2.65	0.944788
2.64	0.945672
2.63	0.947448
2.62	0.948178
2.61	0.948568
2.6	0.948625
2.59	0.948389
2.58	0.948025
2.57	0.949261
2.56	0.949807
2.55	0.950491
2.54	0.951657
2.53	0.951983
2.52	0.950412
2.51	0.948662
2.5	0.947903
2.49	0.949002
2.48	0.949921
2.47	0.951575
2.46	0.952284
2.45	0.953728
2.44	0.954748
2.43	0.954993
2.42	0.95466
2.41	0.955577
2.4	0.955521
2.39	0.956655
2.38	0.956398
2.37	0.957207
2.36	0.957273
2.35	0.958477
2.34	0.959419
2.33	0.958718
2.32	0.958524
2.31	0.959063
2.3	0.959045
2.29	0.962638
2.28	0.963385
2.27	0.962201
2.26	0.962696
2.25	0.963349
2.24	0.961455
2.23	0.962427
2.22	0.963769
2.21	0.964199
2.2	0.963413
2.19	0.963906
2.18	0.964348
2.17	0.964961
2.16	0.965061
2.15	0.966646
2.14	0.967631
2.13	0.966761
2.12	0.965893
2.11	0.966994
2.1	0.968472
2.09	0.968347
2.08	0.968343
2.07	0.968992
2.06	0.968644
2.05	0.968654
2.04	0.969183
2.03	0.970263
2.02	0.968971
2.01	0.970347
2	0.969706
1.99	0.969664
1.98	0.969483
1.97	0.97006
1.96	0.969733
1.95	0.970423
1.94	0.971252
1.93	0.970766
1.92	0.970784
1.91	0.970336
1.9	0.970992
1.89	0.971635
1.88	0.971458
1.87	0.971079
1.86	0.971928
1.85	0.971514
1.84	0.972202
1.83	0.973395
1.82	0.974733
1.81	0.975734
1.8	0.974306
1.79	0.974858
1.78	0.974083
1.77	0.97437
1.76	0.974756
1.75	0.974931
1.74	0.975396
1.73	0.977339
1.72	0.976632
1.71	0.977105
1.7	0.978699
1.69	0.978031
1.68	0.977536
1.67	0.977458
1.66	0.977506
1.65	0.977263
1.64	0.97909
1.63	0.978907
1.62	0.978863
1.61	0.977932
1.6	0.977776
1.59	0.977532
1.58	0.978138
1.57	0.978699
1.56	0.978738
1.55	0.978702
1.54	0.978723
1.53	0.978181
1.52	0.978884
1.51	0.980319
1.5	0.980379
1.49	0.979819
1.48	0.979732
1.47	0.980133
1.46	0.980471
1.45	0.979544
1.44	0.981326
1.43	0.981188
1.42	0.982192
1.41	0.983329
1.4	0.982651
1.39	0.983562
1.38	0.982773
1.37	0.982283
1.36	0.983088
1.35	0.982891
1.34	0.982393
1.33	0.98385
1.32	0.983717
1.31	0.984155
1.3	0.983586
1.29	0.983698
1.28	0.983326
1.27	0.983395
1.26	0.983806
1.25	0.98425
1.24	0.986219
1.23	0.984797
1.22	0.984564
1.21	0.984002
1.2	0.983636
1.19	0.985119
1.18	0.984934
1.17	0.986933
1.16	0.986954
1.15	0.986563
1.14	0.987158
1.13	0.987447
1.12	0.987214
1.11	0.987631
1.1	0.987743
1.09	0.986999
1.08	0.98762
1.07	0.986257
1.06	0.985802
1.05	0.987486
1.04	0.987252
1.03	0.986338
1.02	0.987219
1.01	0.988042
1	0.987929
0.99	0.98825
0.98	0.988478
0.97	0.989068
0.96	0.988582
0.95	0.989973
0.94	0.989428
0.93	0.988025
0.92	0.988017
0.91	0.989607
0.9	0.989329
0.89	0.990178
0.88	0.990909
0.87	0.991494
0.86	0.99105
0.85	0.991064
0.84	0.990762
0.83	0.990534
0.82	0.990989
0.81	0.991573
0.8	0.991634
0.79	0.99059
0.78	0.991637
0.77	0.99106
0.76	0.990904
0.75	0.99184
0.74	0.991973
0.73	0.991658
0.72	0.992044
0.71	0.992869
0.7	0.992466
0.69	0.991912
0.68	0.991627
0.67	0.992864
0.66	0.993165
0.65	0.991887
0.64	0.99269
0.63	0.992942
0.62	0.993743
0.61	0.994037
0.6	0.993576
0.59	0.994704
0.58	0.994641
0.57	0.99403
0.56	0.994081
0.55	0.994067
0.54	0.993657
0.53	0.993966
0.52	0.994011
0.51	0.994527
0.5	0.994019
0.49	0.994703
0.48	0.994346
0.47	0.994726
0.46	0.995448
0.45	0.995059
0.44	0.995255
0.43	0.994784
0.42	0.995986
0.41	0.995479
0.4	0.995773
0.39	0.995229
0.38	0.994872
0.37	0.996183
0.36	0.996558
0.35	0.996796
0.34	0.996719
0.33	0.996086
0.32	0.99599
0.31	0.996001
0.3	0.996006
0.29	0.997559
0.28	0.99695
0.27	0.997162
0.26	0.997666
0.25	0.996745
0.24	0.997222
0.23	0.998097
0.22	0.99777
0.21	0.998007
0.2	0.99884
0.19	0.998374
0.18	0.997938
0.17	0.997854
0.16	0.998281
0.15	0.998643
0.14	0.998187
0.13	0.998283
0.12	0.99876
0.11	0.998711
0.1	0.999035
0.09	0.999215
0.08	0.9981
0.07	0.998904
0.06	0.999387
0.05	0.999813
0.04	0.998812
0.03	1.00022
0.02	0.999443
0.01	1.00034




